4.2565
39.224
-0.29175
5.4695
76.7
1.8045
46.81
37.149
89.78
10.887
45.851
16.345
-2.1163
39.244
58.355
26.781
-79.267
49.361
-14.109
6.9711
8.7039
37.026
15.208
-0.71603
1.7223
71.325
51.174
75.637
11.663
16.07
5.7368
-0.71464
111
9.7317
23.49
92.984
27.926
-34.787
50.208
-7.4083
37.086
3.3111
59.765
0.50778
6.3444
10.842
-1.8855
15.889
-1.0306
65.799
51.986
193.18
146.51
-1.0125
-4.0003
12.766
4.2523
17.107
7.1519
24.06
8.7074
61.917
0.095714
-0.20845
4.9197
6.7904
1.2838
-11.549
3.7765
41.164
-3.8317
49.226
2.4067
0.57897
0.1064
0.012779
-4.3698
5.1151
10.914
-2.4528
3.2704
5.8012
-1.8226
-11.242
-7.308
7.7535
1.2574
16.107
6.1077
12.916
82.672
16.078
-4.4534
-24.151
-4.4612
2.023
13.704
9.3152
15.014
14.064
42.869
-21.31
-0.98636
-0.18464
8.1851
3.7943
23.431
52.457
98.056
-30.313
-8.29
-8.8127
7.0608
14.259
20.503
-8.4878
-0.94697
99.192
9.3224
-24.075
18.669
5.774
-27.038
63.909
62.44
-2.9037
14.858
22.847
21.699
59.552
-7.0489
51.056
29.641
15.431
7.2069
8.806
8.4418
2.1792
-1.7192
48.947
34.231
9.44
8.9702
1.0232
-14.246
-1.7798
1.2551
37.509
14.295
27.572
23.377
4.6969
10.533
-19.297
-15.864
-6.0291
4.7309
30.617
17.7
11.552
-6.002
8.3812
7.0258
1.6098
-7.4236
-10.137
6.6019
4.1275
17.747
0.34171
-5.0606
-8.4388
-7.8373
-31.166
-10.099
-18.048
-13.02
-7.2144
8.9688
9.2057
57.369
36.935
-7.0887
-19.965
-21.722
-27.713
-18.568
-13.924
2.7929
11.256
-8.0947
28.464
-39.005
-36.382
-31.752
-11.938
-7.9595
-20.19
1.3488
-0.7593
17.534
64.585
-32.39
-21.956
-21.248
-6.2059
-4.773
20.442
-5.4476
-7.792
12.775
25.474
2.8739
17.477
2.3558
20.777
10.247
2.8665
-12.74
2.9441
-2.6186
16.03
12.228
8.7353
0.31036
9.9367
10.773
69.246
11.99
17.702
73.329
-1.5482
-13.005
-6.2998
-9.6867
-0.6938
-0.90954
3.7482
-14.363
-15.813
3.0758
-11.682
-20.904
-12.86
-6.7805
58.967
34.155
16.302
6.9673
18.006
-27.662
1.8816
2.0607
7.8957
3.5684
2.971
2.2493
-15.276
16.829
-12.358
-26.963
-22.209
-40.142
-10.541
-13.204
-16.521
-3.9011
-3.9358
3.3007
-2.594
8.5568
-33.528
-12.62
-30.782
-4.3177
-12.2
-16.271
-16.28
2.2412
-29.831
-28.107
-28.232
-18.724
-6.6178
-22.742
0.54946
-23.016
6.2872
-13.055
-36.237
-32.202
-24.841
-21.413
-25.798
-15.548
1.0005
-10.975
5.2173
-8.0134
-33.852
-36.583
-25.04
-26.522
-14.836
-11.594
-4.1361
-2.2594
15.967
-64.315
-34.138
-2.9803
-7.5852
-24.05
4.6777
1.1315
40.044
23.761
-15.131
-0.69608
-3.8254
-19.532
-7.8976
-8.5843
-2.8374
-12.044
-25.257
12.587
-0.12898
-5.2532
-29.507
-28.887
-25.04
-20.321
-69.036
-60.323
59.062
10.418
-16.649
-35.038
-28.346
-17.292
-20.8
-2.4937
-26.373
-6.4123
7.7333
-9.444
-15.083
-25.792
-13.364
-4.8728
-28.924
-30.31
-24.366
-15.479
13.921
10.206
-40.347
-33.08
-29.991
-32.325
-24.998
-14.58
0.4752
7.4593
20.271
-36.649
-42.281
-28.125
-28.988
-22.168
-19.412
-14.752
-4.5833
-19.36
18.868
-37.611
-37.771
-23.876
-19.956
-32.668
-44.076
-24.007
-11.237
-14.606
-32.495
-14.933
-26.128
-13.264
-25.408
-36.833
-36.673
-10.13
-25.716
7.7211
-37.986
-63.743
-30.304
-29.167
-25.427
-27.09
-21.32
1.3141
-67.949
-25.323
-41.277
-48.747
-42.017
-21.982
3.5791
25.249
-28.047
21.856
4.5877
19.823
-2.8325
-1.8864
55.528
0.86746
26.845
-4.6716
23.818
64.447
-12.671
-28.434
4.1516
98.251
43.403
67.34
39.855
-24.081
113.55
19.001
19.325
17.993
38.63
62.518
1.9305
5.7984
35.837
61.221
18.83
36.792
-20.178
99.341
9.4342
29.796
35.196
19.109
79.686
16.287
-9.8608
8.8932
0.43643
19.491
101.86
-69.176
109.7
19.019
55.339
1.3166
-20.398
-1.5004
26.01
-6.1506
113.3
68.022
3.5815
0.58075
4.3418
-7.6594
1.3546
30.862
1.3824
35.267
31.206
17.932
-6.3721
25.738
-2.4817
2.9824
10.217
16.574
0.71288
101.83
-81.658
-3.0206
85.552
9.49
3.7785
6.915
20.537
4.3545
-10.413
80.721
18.165
39.204
67.083
-8.6713
-0.27005
-2.0451
-0.78915
0.84098
23.901
20.755
-5.8738
127.88
36.43
-4.8513
-2.7067
16.446
16.61
41.571
-14.579
16.571
82.476
41.068
-15.317
-0.58057
41.419
59.669
52.741
66.054
2.113
117.18
36.858
8.9477
48.056
31.174
52.526
10.533
-2.2104
11.693
-6.4109
10.778
95.548
28.818
27.551
59.425
-30.856
0.80757
6.7225
14.796
41.414
19.856
3.2298
12.1
33.024
1.029
42.088
4.0069
-0.70257
0.71
9.8824
11.099
-3.9821
4.9833
19.615
-0.50643
3.6114
-2.7597
-4.8247
-3.927
-0.47105
1.5004
10.086
10.213
16.21
20.873
27.549
3.953
-7.014
-10.296
-5.5023
27.468
9.2345
28.434
-6.5824
21.093
-8.0981
-20.13
-14.887
-18.376
1.064
-6.5895
11.902
11.292
14.511
12.958
72.028
-22.516
-22.491
-13.849
-11.343
-2.8762
-4.8879
10.874
19.048
28.737
5.9732
-25.825
-19.444
-13.16
-26.11
-7.3271
49.817
39.642
13.521
23.383
64.886
-34.4
-20.825
-1.891
-1.5492
6.7212
-5.9856
54.826
6.1435
47.571
34.237
-10.065
2.2777
6.3351
-3.3494
3.5478
22.088
8.1917
23.673
60.628
4.3665
3.7912
-18.095
0.43238
6.3379
25.26
76.041
60.348
30.502
45.693
1.4108
-9.1903
3.9813
7.5348
25.332
46.515
16.489
62.399
16.249
-6.6908
-17.245
-8.9489
10.14
2.3117
2.2914
3.8558
14.376
18.138
24.509
-7.729
-14.116
-7.0604
6.1161
22.797
56.816
10.805
31.67
14.691
14.667
-30.763
-19.866
8.2411
-4.0197
6.0757
-2.255
-0.86082
-4.2185
97.015
-4.3152
-14.675
-13.078
-17.891
-9.5289
-12.425
15.999
-19.015
11.873
9.7401
-1.4974
-30.608
-29.485
-20.682
-30.129
-1.0221
-9.0904
-2.5078
-11.722
2.3792
-27.237
-24.678
-35.316
-34.414
-11.234
-21.299
-8.323
-2.8308
15.298
74.06
-23.183
-34.993
-23.375
-7.6696
21.259
-26.422
55.572
7.9698
1.3473
14.756
-19.914
-28.279
-29.86
17.737
-4.5093
-3.2734
21.574
14.877
-12.841
15.732
-4.0308
-5.1167
12.555
15.869
6.845
42.714
45.106
62.661
40.777
-0.98694
-22.207
-13.391
-10.452
-3.7711
0.12733
55.355
21.785
-21.392
13.655
-20.253
-12.782
21.597
19.597
37.57
27.802
55.332
22.608
10.658
-26.101
-1.3406
-1.4561
-0.78671
-11.932
9.4149
5.288
2.2368
16.28
-13.754
-37.725
-23.434
-18.479
-11.19
-15.513
-15.203
-8.8627
4.3666
3.0894
-44.883
-98.072
8.8296
-27.719
-28.777
-18.814
-30.969
-20.357
-7.6074
3.6518
-33.848
-34.986
-31.128
-22.713
-15.747
-29.531
-19.891
-16.378
3.3363
-8.1417
-39.309
-33.28
-24.694
-27.759
-10.978
-31.166
-19.165
-12.661
-25.201
-38.057
-34.642
-25.282
-22.213
-22.023
-21.169
-16.49
6.1943
-2.7191
-3.3265
-48.904
-50.545
5.2297
1.4497
-17.479
-11.006
-2.4928
-20.711
71.446
-18.065
4.9843
-8.4817
-8.5595
-4.703
-15.078
1.896
-1.444
-15.233
-48.926
14.732
9.8046
-30.986
-30.131
-30.824
-23.189
-7.6902
-53.736
45.658
12.026
-18.193
-39.237
-19.296
-23.466
-17.269
-13.076
-26.177
-23.367
0.095262
-25.456
-29.512
-29.953
-7.8582
-67.871
-27.798
-29.882
-14.854
-49.853
-13.488
16.858
-0.67357
-32.752
-10.593
-27.289
-37.242
-18.446
-16.272
34.087
18.127
-16.097
-32.909
-38.403
-31
-24.24
-13.964
-14.806
-10.241
6.9297
3.5681
-22.097
-30.834
-37.972
-25.061
-74.551
-28.435
-40.756
-37.518
14.587
-37.667
-33.523
-26.41
-24.74
-26.376
-20.853
-34.467
-16.929
-30.199
-15.82
-21.324
-13.51
-24.682
-22.228
-25.185
-14.385
-22.487
-14.717
-12.143
-68.048
-70.178
-52.224
-60.804
-21.904
-22.5
32.376
-49.598
-25.206
19
-8.6883
56.602
-9.3607
37.859
-41.708
106.12
73.931
106.03
18.283
44.24
-1.9485
51.536
88.4
150.42
226.73
42.767
38.718
-7.5454
2.9737
6.5731
101.56
-20.205
7.3057
-0.24964
9.8086
12.6
29.69
87.825
-2.1353
21.091
113.45
6.9249
72.754
-0.79
49.025
63.183
43.881
61.018
8.6605
43.721
62.645
62.233
62.838
29.899
16.271
46.171
17.211
64.535
18.868
-6.4107
18.667
-5.5697
28.556
-60.162
-46.461
4.9419
8.5291
20.666
26.815
3.0318
13.301
13.483
21.008
17.784
17.03
76.589
8.9369
64.465
-0.2681
11.191
-0.85357
23.708
22.245
2.2245
71.857
1.2331
37.604
61.265
9.403
32.243
12.776
5.4102
85.101
30.756
-2.7418
-2.0235
-26.918
81.846
7.4692
29.319
3.495
12.274
24.105
24.794
-11.772
64.589
13.236
1.9237
-6.9221
19.776
7.1504
6.9159
5.308
220.71
125.88
85.842
16.98
-3.3622
5.9339
-2.9419
0.67932
25.735
66.328
44.384
33.373
59.378
-5.6093
2.0042
44.895
4.975
43.763
129.88
54.516
78.298
26.178
-17.953
112.9
86.874
30.839
23.943
64.469
8.445
3.819
40.5
32.165
17.793
32.9
62.272
17.049
38.956
-5.8455
30.877
1.6056
7.0199
21.077
64.073
4.2548
-29.081
37.485
1.28
123.74
77.132
2.0332
27.34
5.5269
23.068
29.742
95.963
18.735
-4.3178
205.03
20.393
1.9603
-0.024286
23.054
7.1034
17.624
54.004
7.1774
78.436
17.371
62.643
0.61548
7.4305
17.354
9.0238
49.252
11.241
41.961
31.105
67.698
57.367
-3.3265
-5.1722
-3.0503
-4.7222
1.3187
53.164
53.934
27.284
1.3315
11.234
-5.1981
-17.722
1.8307
3.3005
17.344
39.611
113.09
32.401
6.8475
31.284
-12.517
-12.353
-17.471
-6.7751
13.56
-0.60174
25.926
3.8477
-24.309
69.764
-14.213
11.032
-4.7022
9.4277
41.153
57.436
33.758
8.1109
42.043
2.005
-4.5563
1.654
1.4305
115
23.069
29.852
25.75
115.57
35.257
28.088
3.8016
46.196
1.6612
-5.3974
18.916
2.7844
-0.16219
3.61
2.1593
19.907
-8.9015
10.576
26.142
8.3273
9.8436
96.168
83.588
37.934
0.91405
-46.948
18.526
15.08
1.1627
17.45
31.164
111.56
24.657
43.224
38.797
39.946
5.1246
-0.11652
-0.10298
10.762
36.336
10.948
21.511
37.96
24.287
19.38
4.3394
-12.183
-4.227
8.043
5.7841
24.427
31.45
26.339
10.296
50.896
-4.0752
-20.564
-6.0091
-5.063
30.394
24.158
8.6517
-1.3405
32.01
21.246
-5.8612
-9.2008
-1.0361
24.312
-1.2622
3.9774
37.72
-7.8158
-0.55979
34.323
-6.1415
-22.679
-10.97
-15.14
-3.1805
-10.091
0.782
-10.707
-8.0529
7.6368
-14.818
-28.346
-26.611
-26.713
23.749
3.8988
5.1073
25.696
20.335
20.239
-42.368
-19.186
-15.852
-7.8351
11.46
20.625
37.163
43.763
4.1684
16.291
16.64
1.9656
-2.9598
1.0054
15.205
2.6723
4.5723
11.187
-2.0099
0.87658
-10.552
-2.3133
9.3237
21.34
9.6714
112.34
64.893
92.711
4.5838
-0.00025
0.84157
2.1589
8.3826
35.346
41.955
53.097
46.043
111.11
-5.8706
-9.1948
-5.0092
1.7189
49.151
13.538
34.402
47.14
44.84
27.453
-9.2686
-10.987
61.96
15.413
26.284
24.403
20.56
13.069
23.681
0.066493
-34.5
-3.769
-0.99532
-0.26024
4.7497
7.7531
6.5614
13.693
24.62
2.1766
-23.498
-32.397
-17.598
-11.857
-13.342
6.5414
-15.56
2.1159
34.428
-0.79408
-21.091
-38.135
-32.045
-14.372
-9.8078
-7.6083
64.106
-2.2937
-15.889
-22.975
-97.377
-22.023
-21.73
-18.451
-19.227
-11.094
18.921
1.5401
-7.7239
-9.5623
-52.722
-24.07
-8.7066
-6.4275
15.96
33.973
-6.4229
-2.6371
3.8637
17.182
-24.216
1.2905
1.9543
11.054
-4.4559
-8.011
-7.1295
-3.7079
8.0321
4.0655
-0.25512
23.811
5.3555
10.221
-64.196
48.092
92.113
79.387
1.0181
3.0308
-22.03
-9.0769
-1.2293
-22.28
-19.255
-21.862
-2.1302
-8.7718
-28.814
-23.678
-10.099
20.607
71.059
15.442
15.937
42.9
-5.4562
-28.721
-20.891
-7.282
-0.17317
0.12554
-4.1501
-7.9888
4.5452
27.53
-1.8447
-10.664
-33.35
-18.737
-11.274
-13.603
-51.058
-7.6383
-27.597
3.0669
2.6747
-12.31
-38.638
-28.548
-28.752
-18.02
-9.2899
-6.1902
-19.98
-0.63493
-14.106
-16.319
-13.743
-42.028
-17.128
-17.59
-24.151
-23.971
-14.152
-5.3951
-29
-35.983
-29.324
-23.469
-25.579
-26.193
-12.742
-24.524
16.411
-17.773
-36.319
-18.151
-23.775
-21.573
-26.291
-11.382
-0.6549
7.9085
18.987
-50.879
-34.745
-28.267
-22.522
-29.294
-18.094
23.389
-2.0316
-3.3016
2.3171
-0.68045
-4.1869
-5.3194
-12.574
-8.7123
-24.217
-26.324
15.298
-58.371
15.451
-6.5347
-10.528
-19.97
-29.178
-21.949
-43.418
-52.187
85.903
10.752
-10.684
0.80988
-24.728
-8.9484
-3.0687
-11.876
11.176
-14.395
10.868
-0.48457
6.13
-35.396
-6.9724
-21.018
-35.237
-54.113
-20.65
46.204
-16.447
14.17
-48.597
-31.871
-70.101
-33.134
-69.456
-15.012
-14.984
5.3527
-1.8609
-2.1157
-46.408
-43.139
-26.766
-26.305
-21.511
-14.814
-26.206
-0.64469
4.0844
-36.51
-29.2
-23.729
-30.496
-12.028
-33.012
-23.579
-41.626
-2.7682
-33.492
-25.625
-58.087
-30.614
-40.209
-22.214
-32.05
-33.37
-18.463
-12.588
-35.732
-21.182
-21.022
-27.769
-77.851
-15.299
-23.545
-20.308
-7.3828
-67.315
-60.714
-60.006
-50.819
-27.383
-29.886
14.745
-8.4515
2.7401
-14.791
58.961
76.014
16.631
39.485
46.539
52.056
59.207
64.699
62.576
64.05
63.904
5.6785
56.155
-3.578
76.945
57.926
5.4364
55.055
40.298
11.542
27.086
23.838
-16.149
66.258
75.729
57.934
96.925
56.881
89.438
21.89
43.408
-4.668
29.38
67.216
64.625
60.031
9.802
98.405
63.191
-5.6843
62.136
51.527
53.913
27.283
57.544
24.456
35.248
14.238
39.71
64.44
57.25
9.4085
17.774
59.185
4.064
10.586
36.725
34.237
-3.9029
19.346
-9.0607
51.02
-9.4498
-61.84
4.044
52.168
59.903
76.691
15.841
191.93
73.38
32.024
106.23
29.839
22.733
52.886
-9.6439
2.2504
44.107
176.06
-6.6964
116.87
1.762
58.582
49.19
46.584
24.635
2.5646
418.08
86.504
76.216
9.6739
-39.296
10.53
11.86
18.827
18.887
-4.3396
-3.9848
46.603
22.037
25.201
172.58
48.688
91.877
224.66
102.66
-3.9785
53.824
36.411
26.124
70.87
-4.5637
42.39
84.403
10.225
42.056
81.176
41.753
21.245
63.813
-8.9067
67.607
33.318
17.799
87.467
40.102
110.87
70.044
29.835
32.351
-6.6117
25.968
31.875
27.817
49.564
21.502
11.542
17.182
63.802
62.99
31.085
64.943
2.3284
9.6841
5.9412
32.459
27.367
20.453
51.501
-27.08
62.34
2.0378
-5.7238
3.8168
119.3
42.678
12.824
16.733
40.139
26.453
16.84
90.509
7.2665
59.38
23.869
63.541
3.0929
21.48
22.338
46.775
87.21
38.92
75.471
17.997
-10.005
-22.46
21.616
24.175
14.984
32.015
49.428
14.283
69.447
29.34
55.892
-5.0349
5.273
32.819
37.534
111.07
4.0727
32.62
16.472
25.778
14.537
28.12
40.85
52.129
-4.3186
23.941
52.429
423.43
62.582
-29.039
-1.0045
24.357
-1.816
-3.0556
21.412
214.5
130.54
19.866
-1.1024
27.76
19.9
-4.5468
-6.046
-5.5455
51.794
24.413
123.88
3.8602
62.794
19.722
37.986
14.89
46.25
11.802
7.1006
-1.3678
43.865
78.684
2.1151
1.3938
21.191
8.8941
59.327
64.885
80.92
21.822
11.3
28.196
45.502
3.7432
14.911
-14.466
10.493
10.978
-30.098
27.213
38.228
33.434
-1.3168
115.47
59.51
-10.541
12.515
8.9526
34.233
55.972
52.4
46.168
18.932
128.64
95.655
-24.632
4.0101
48.185
37.431
20.559
111.42
60.604
34.468
92.145
0.70629
8.3325
41.663
12.621
27.404
17.88
20.121
33.418
83.994
47.988
15.833
31.575
7.3406
5.9022
0.25928
27.543
17.768
8.5238
5.3833
5.5927
19.381
0.22564
-6.7994
2.8636
53.602
44.471
57.65
12.865
22.541
16.896
0.6721
-10.257
9.4027
-4.2648
4.1189
30.018
50.394
67.902
20.258
34.538
74.259
-2.3494
-10.148
8.9305
7.8542
-2.5411
16.669
48.183
57.835
32.25
68.345
-7.8049
-2.2652
22.708
66.101
22.993
15.665
39.616
11.549
14.989
6.7231
20.601
14.35
0.82012
34.521
83.86
19.505
27.033
44.806
14.076
2.2104
19.698
7.9248
33.832
10.301
24.048
82.154
77.494
42.745
55.177
62.182
4.6544
30.165
36.658
18.731
41.088
79.44
19.311
40.872
65.787
133.81
0.47312
11.512
17.445
24.34
67.058
61.645
40.481
101.76
21.46
74.4
15.058
5.9738
2.5238
6.0503
10.69
52.957
16.45
26.974
42.709
49.316
-1.5811
-9.5083
4.3933
25.086
3.5341
51.809
34.199
37.938
28.503
92.592
-12.628
-9.3014
-2.8006
29.445
10.058
5.7474
6.8628
62.898
25.926
68.124
-20.086
-17.724
4.3077
6.4672
1.7585
-1.2585
0.039464
12.404
16.347
11.79
-28.457
-4.0479
-14.365
-7.5144
-6.8558
22.425
35.503
3.8943
2.3435
11.119
-19.014
-17.069
3.0244
42.648
74
56.768
20.888
36.889
25.4
11.619
-6.7008
-4.9883
13.119
-4.5811
24.112
-0.58258
18.33
11.714
1.5182
-0.093571
-13.054
17.433
18.906
22.936
27.887
-0.51036
33.911
136.91
124.67
5.1411
28.051
25.464
72.832
34.712
113.64
45.649
91.001
26.632
10.533
-1.8852
3.6456
12.224
32.323
38.525
6.6313
36.309
174.1
56.072
0.7753
-21.575
-0.54392
3.1831
11.812
27.117
118.42
32.735
38.835
35.189
6.7059
-13.536
-8.9952
5.1567
29.806
9.349
15.401
25.175
13.444
-0.39946
-4.8717
-18.099
-1.2197
-0.14464
0.10824
7.4044
10.287
-6.6594
3.2591
41.804
-7.5583
-32.544
-22.201
-11.344
-13.363
2.6651
-1.8853
2.4224
11.336
-2.5873
-21.034
-15.117
-23.087
-24.778
-0.57051
-12.313
-6.1117
-4.9389
-15.945
5.69
-49.943
-23.699
-45.621
-9.8766
-1.6231
34.382
-2.6235
0.5138
-7.2873
0.29649
-20.814
-13.742
-2.2231
-2.8652
13.186
0.076521
4.4129
-19.682
-14.924
-9.9833
22.054
-24.287
-6.2478
12.046
24.513
125.21
67.265
106.97
87.355
-0.79038
-5.9152
0.82463
7.2821
38.169
68.82
67.829
101.75
-7.9517
-6.1426
-27.645
1.483
1.5739
8.0747
23.318
99.016
42.235
80.369
-15.048
-19.315
-12.675
45.087
10.664
41.918
8.3919
18.441
9.5116
13.043
-36.153
-3.619
-24.885
-12.745
-1.6845
-6.4234
8.7331
-11.502
-0.50939
0.24477
1.3237
-30.68
-29.41
-42.753
-15.381
2.4649
3.688
20.808
17.011
-1.4631
-24.104
-25.788
-13.433
-19.949
-8.3078
-10.821
-15.286
12.315
-9.3383
-18.878
-26.148
-29.535
-32.903
-19.221
-6.7954
-15.028
-6.2302
-4.0317
-9.8284
-19.924
-53.111
-16.254
-13.71
-20.1
-6.9354
-3.2612
-0.6173
16.997
-4.1647
-55.408
-18.159
-8.6856
3.4957
18.332
18.801
74.329
13.328
1.2721
-9.2167
-4.8004
5.1407
24.589
5.8141
10.594
11.887
40.19
84.59
25.694
-0.63089
-28.359
-11.848
-17.74
-12.478
-3.3129
-26.987
-4.744
108.94
16.608
-25.786
-22.782
7.3831
25.329
35.05
35.38
50.703
20.8
-6.7295
-16.279
-19.972
-25.374
-4.6819
-18.726
-18.275
-9.0713
8.4564
17.3
-13.867
-9.6755
-27.202
-38.005
-14.488
-34.882
-2.6797
-14.049
-9.5321
8.336
20.216
-15.028
-31.677
-28.928
-28.135
-22.3
-9.0872
-0.79372
-2.3918
3.5242
59.479
-41.633
-12.224
-17.896
-63.048
-19.896
-22.296
-13.885
3.5001
-3.2874
-39.252
-31.262
-22.857
-23.13
-28.726
-22.047
-36.775
-20.736
-13.018
-26.969
-30.921
-32.688
-36.537
-17.973
-4.0453
-4.4511
-4.5843
-5.1924
0.2996
-67.642
-44.091
-49.792
-14.976
-21.358
-12.194
-2.4926
-8.6814
12.372
6.09
0.9815
0.38395
-28.51
-26.411
-20.467
-36.545
-88.637
-58.964
-45.735
12.15
-1.4371
-39.619
-34.594
-34.164
-32.411
-48.372
-32.321
50.082
11.935
-19.815
-21.096
-20.006
-10.122
-28.137
-29.801
-54.815
-24.334
3.4819
-15.019
-6.1639
-2.3139
-13.865
-56.426
-84.084
-88.261
-3.5681
26.358
-5.8251
-36.973
-6.7093
-41.806
-76.215
-54.618
-34.556
-35.746
-18.482
9.3195
-8.613
-15.277
-40.595
-35.784
-37.917
-14.376
-25.753
-22.068
-17.281
2.4229
14.454
-33.478
-43.079
-41.325
-31.258
-26.17
-27.685
-29.515
-40.181
-3.4758
-20.063
-33.919
-28.19
-73.935
-25.514
-32.476
-25.724
-24.515
20.553
-31.777
-34.754
-25.804
-66.233
-22.285
-21.255
-21.989
-37.432
-37.143
-27.63
-86.671
-87.369
-69.196
-62.879
-38.068
-56.401
-28.148
-12.054
14.002
4.0823
20.777
64.896
57.66
94.157
27.204
12.826
-6.4958
14.955
104.15
46.491
212.51
131.02
40.015
-2.3892
21.26
201.53
11.761
75.421
11.371
45.564
218.73
-1.3209
37.99
38.101
131.14
37.878
-13.294
16.64
59.364
26.222
98.89
18.392
14.704
66.462
-1.6056
1.662
21.938
13.092
18.006
15.146
112.87
50.678
128.22
-6.3679
66.667
38.027
21.171
28.35
55.867
-0.593
137.61
194.23
211.3
-16.594
-18.318
20.867
66.022
18.399
10.761
10.571
75.814
85.447
71.869
29.555
66.612
13.461
52.344
21.856
85.122
149.59
64.624
-45.924
-35.604
15.755
5.0665
55.486
26.084
149.5
31.834
169.57
33.698
26.551
8.091
45.156
52.215
73.855
14.604
-9.5322
44.051
45.486
343.9
210.4
117.12
72.675
2.0569
12.995
30.696
24.917
91.52
105.52
15.462
43.772
49.68
103
12.523
37.83
13.807
-4.0265
38.802
107.98
16.708
17.501
33.558
56.066
64.972
44.759
20.33
21.067
234.74
49.819
-14.154
37.201
58.576
38.086
10.178
56.645
105.17
46.837
56.406
77.972
235.39
51.309
103.61
32.85
41.746
69.885
22.358
38.436
53.01
165.15
-12.178
5.816
10.549
-12.358
48.934
12.115
-16.32
50.782
33.373
17.328
23.291
142.75
160.23
-7.8799
56.273
-2.4786
13.848
31.136
26.443
63.64
38.301
34.681
255.94
9.0522
105.34
37.583
39.678
78.954
42.331
52.001
25.185
-7.2472
25.51
35.093
39.8
37.669
21.838
144.6
2.986
77.142
17.769
37.147
50.032
3.7337
43.58
13.918
44.538
67.356
208.38
54.61
27.647
33.97
58.244
47.083
14.327
40.31
43.585
16.722
-1.3093
42.62
6.0874
31.738
31.125
93.394
110.02
30.262
48.704
17.091
55.379
14.452
65.736
-5.9199
22.756
61.558
118.9
40.485
-11.058
22.338
51.109
21.014
31.969
53.419
31.376
44.615
18.249
7.0219
5.0283
8.8894
28.531
42.094
-26.071
184.04
31.468
259.01
41.262
23.679
20.053
25.976
70.238
107.5
58.272
15.48
55.079
9.597
22.586
71.612
6.6193
36.03
101.3
28.544
47.343
71.676
33.948
83.806
15.85
46.073
6.2298
12.138
11.839
27.756
59.83
28.311
11.964
30.311
34.953
18.683
30.507
20.746
15.899
2.3292
50.556
77.723
31.402
36.048
15.841
54.079
54.098
47.29
18.488
24.303
30.382
0.90192
7.6232
34.174
12.119
42.106
44.837
16.859
81.266
33.742
24.738
18.911
40.523
13.812
18.528
22.57
-16.972
92.338
15.529
4.0831
3.5047
70.71
-30.471
81.36
90.419
103.54
16.627
14.135
30.498
36.352
22.885
34.491
76.079
24.514
84.696
25.443
104.1
99.203
81.013
36.874
8.7532
115.57
16.007
3.4479
38.452
151.99
-10.557
84.328
33.968
34.1
29.595
11.112
13.838
30.61
8.5191
-0.15905
48.37
56.599
22.227
37.817
30.093
47.399
34.843
32.554
40.055
38.323
24.232
18.525
8.5982
21.405
25.247
46.587
37.794
30.708
10.169
18.301
20.394
-18.975
15.94
-7.114
49.407
75.675
32.302
33.172
68.374
14.393
-3.5488
-9.2827
27.607
26.036
10.278
13.912
46.44
35.834
49.271
49.417
3.2721
27.467
10.342
27.069
2.7969
-1.6615
7.5349
2.5361
19.467
5.9703
62.732
30.838
32.587
49.356
29.889
25.37
51.889
2.0852
6.6523
2.6228
7.2858
27.687
11.972
-36.206
17.404
81.939
118.31
59.901
95.772
21.621
10.612
15.2
17.671
99.283
94.406
-27.646
89.414
72.681
-36.724
54.639
-3.5801
21.02
30.947
35.657
82.975
-0.032738
79.962
25.674
161.23
41.08
-20.571
23.69
25.643
108.41
17.988
22.399
23.968
16.266
24.271
35.111
-0.39426
5.8744
3.4797
91.113
14.691
36.543
42.703
34.812
13.588
18.893
5.4026
19.216
24.074
30.819
34.012
26.697
68.314
30.675
-6.4774
16.501
-7.9814
-9.5724
10.824
17.476
6.6584
26.396
45.413
10.509
58.483
45.017
-5.3091
3.4282
7.9151
29.179
8.9497
71.766
32.228
28.673
26.595
14.317
-4.7072
14.488
46.723
17.84
68.118
22.859
13.533
12.653
23.793
27.933
35.564
33.882
9.8598
44.922
2.2532
4.1063
9.7367
9.7275
-2.3566
0.97746
1.1957
47.855
10.94
15.702
49.338
26.35
87.035
104.24
109.86
54.237
-11.02
-37.428
33.906
25.519
93.565
55.552
63.084
35.048
21.361
94.392
6.8124
18.791
34.036
34.175
23.564
10.364
18.72
15.127
95.318
13.202
0.16381
-4.3203
10.336
44.127
28.925
33.217
129.21
41.441
30.818
42.044
-3.5577
-6.5676
10.852
24.592
39.658
25.212
48.894
21.366
35.47
43.683
-4.4806
-17.182
13.451
17.276
23.183
21.698
24.7
0.83218
39.759
36.494
-19.099
-8.9619
-0.85464
0.42512
-1.529
13.904
8.8098
11.502
35.195
32.366
-23.178
-26.994
-4.7454
-5.4974
-10.027
9.0591
3.0352
32.375
5.6504
42.66
-63.815
15.473
-15.15
-2.0879
21.306
7.255
0.5678
38.967
24.877
13.048
-8.5883
0.58778
50.782
21.942
3.1829
4.9186
25.76
35.124
-4.0267
12.789
39.371
13.295
-16.192
7.9395
25.1
91.478
70.182
117.33
57.392
107.76
9.1993
5.6939
11.835
35.094
64.933
76.348
53.873
108
116.06
-0.29172
-2.5557
1.4905
11.702
34.484
5.811
55.374
11.535
146.73
122.69
2.2055
-16.482
-13.599
5.4645
40.175
111.8
47.914
147.96
57.808
79.923
6.1181
-12.87
12.203
12.264
2.9292
42.52
13.615
17.563
4.6
23.917
-9.5439
-26.638
-12.164
-5.5742
-7.0372
2.1185
-0.23002
5.8323
3.6465
23.472
-6.8496
-23.463
-13.415
-19.418
-7.4085
-0.66115
2.6908
7.9682
19.29
14.04
-21.18
-76.476
-21.123
-21.329
-10.658
-2.5357
45.607
-12.204
-3.6182
3.6477
-6.7327
-46.092
-4.57
-16.711
3.2005
5.0729
6.1373
-3.3118
11.748
43.919
-26.551
-39.489
-23.504
-0.53604
28.928
44.901
4.4004
-2.3527
6.5016
18.502
0.33948
-23.136
-26.592
13.77
29.141
85.035
123.14
126.35
93.166
-1.1435
0.62893
-6.1381
-0.73452
33.341
35.549
86.874
29.442
129.16
13.803
-25.142
-11.448
-4.0517
30.34
46.82
105.88
78.921
25.139
13.043
-16.813
-19.997
-20.717
27.347
30.084
64.563
29.495
31.727
18.071
16.799
-41.955
-1.9604
-31.394
-13.526
-15.556
-8.1882
-6.4614
-5.9525
6.4449
13.141
-38.149
-38.313
-10.144
-64.715
-53.632
6.7883
-4.7321
2.4834
-1.7966
21.362
-27.773
-87.837
-35.287
-80.996
-20.59
-10.848
-17.972
-9.3313
11.95
-14.606
-8.2429
-86.597
-19.188
-15.384
-10.836
-25.593
-4.8347
1.8369
6.7561
-18.811
-58.489
-73.901
-21.53
-13.39
-6.8898
-8.9949
4.5192
7.558
-2.735
-29.741
-24.443
7.6889
-7.9689
22.497
-16.556
35.893
1.0407
13.917
-11.764
-2.2229
14.253
2.6958
0.69717
9.0556
-22.372
66.727
22.092
33.676
3.7599
-13.122
-17.229
-31.659
-18.118
-27.983
-22.089
-50.667
-47.799
10.82
-35.767
-26.224
9.0811
-22.868
8.1122
23.155
11.623
29.715
-2.2732
-20.509
-34.275
-53.148
-17.11
-5.1757
-13.421
-10.328
-0.67104
46.204
-11.968
-15.181
-44.285
-107.81
-68.157
-74.54
-18.503
-6.7872
-27.219
7.9129
-19.132
-19.049
-40.677
-37.465
-35.64
-16.094
-13.773
-12.3
-13.646
-0.70686
-9.831
-44.917
-31.553
-34.547
-60.661
-17.362
-23.015
-19.677
-10.41
-14.59
-8.1117
-39.961
-32.564
-20.926
-29.39
-16.36
-22.853
-0.8095
-13.869
-22.597
-40.085
-48.384
-29.588
-28.69
-3.4395
-24.062
-18.248
-9.5271
-5.9739
-40.87
-35.484
-40.609
-35.25
-23.928
-29.435
-20.556
-8.8587
-9.088
54.639
1.7709
-4.1376
-20.625
-34.029
-14.732
-10.927
40.011
-21.346
-39.411
-0.70008
-11.312
-43.374
-39.468
-25.805
-26.556
-78.325
-59.582
1.5495
14.232
-13.426
-35.266
-25.508
-31.744
-44.461
-15.689
-10.766
-46.803
6.8888
-17.164
-13.517
-48.484
-42.665
-17.645
-81.452
-26.839
-26.276
26.636
-15.521
5.3334
-10.687
-31.363
-46.571
-97.362
-14.413
-10.754
-25.834
-0.4017
9.3756
20.404
-31.65
-32.569
-32.253
-28.165
-27.366
-20.102
-17.85
1.048
7.0918
-9.8631
-34.568
-34.757
-37.174
-22.244
-18.318
-41.013
-15.509
-0.86688
-44.007
-14.403
-16.902
-73.446
-30.503
-36.694
-21.151
-52.228
-2.29
-24.444
-49.291
-68.686
-19.595
-53.31
-37.807
-33.987
-37.767
-15.59
-5.0297
-93.581
-81.986
-51.85
-86.793
-53.045
-55.088
-10.703
-71.022
-28.445
-8.0114
31.17
27.893
87.125
33.466
44.506
100.33
96.562
44.347
11.412
23.198
43.799
99.048
43.92
46.656
39.123
21.251
32.55
-1.7932
150.97
51.075
40.59
95.304
25.217
46.437
47.574
28.484
80.844
40.791
25.694
93.087
21.625
17.875
44.075
32.653
50.8
65.26
13.066
68.627
48.027
29.329
70.643
91.748
85.149
24.019
38.049
100.01
67.713
49.081
76.091
117.29
44.034
43.931
25.968
11.394
73.056
103.89
36.06
46.323
16.077
22.056
64.303
21.767
73.704
17.209
61.066
282.2
11.869
40.755
99.11
28.179
31.032
46.833
67.266
24.228
57.417
-41.573
112.34
26.589
25.056
96.28
15.624
-0.70068
33.776
59.721
74.119
30.993
96.166
80.288
87.535
78.726
53.438
88.948
-33.215
122.16
44.4
-27.977
33.871
142.61
93.161
117.37
-52.822
45.423
210.47
33.475
90.467
68.556
26.405
115.57
17.675
94.024
72.301
76.17
44.015
8.9137
165.99
132.06
77.251
14.152
119.5
81.06
12.937
133.51
20.672
-12.974
6.0098
56.504
90.132
28.162
86.101
106.12
127.14
23.952
15.862
14.454
19.572
43.608
136.38
-15.282
67.773
52.031
66.098
34.754
69.263
7.5193
-24.738
65.395
21.63
44.778
20.717
108.64
2.076
4.4482
42.586
42.515
127.57
24.895
47.642
67.2
16.997
36.65
-5.6246
19.555
46.558
37.173
57.981
58.703
49.976
49.563
43.783
30.266
94.466
26.48
41.101
33.415
56.542
58.092
51.797
152.19
35.098
17.231
-0.59417
36.571
114.98
44.949
69.544
41.814
46.854
28.53
30.282
29.066
28.016
51.194
51.091
20.2
20.389
100.61
104.85
23.701
34.502
98.195
31.969
102.39
-71.356
0.58143
128.33
83.469
51.897
126.51
66.426
54.951
159.78
34.126
132.71
123.61
28.03
14.894
32.893
130.19
67.078
14.719
30.187
24.326
68.25
16.511
42.013
105.67
16.796
68.117
69.134
67.793
52.582
42.238
146.46
34.502
148.78
-16.123
42.877
139.69
73.887
51.446
53.721
7.0191
40.927
62.451
23.865
44.042
65.652
20.782
30.872
28.438
8.8762
118.38
69.632
42.041
44.033
62.248
30.845
41.979
48.752
57.196
15.122
61.374
100.68
148.21
145.14
17.975
28.138
18.875
44.313
19.022
43.769
37.771
6.9765
38.233
31.443
49.809
10.056
46.4
20.022
34.499
38.941
47.335
38.121
29.316
52.862
17.742
38.165
4.6234
25.951
20.625
47.433
80.872
14.479
57.133
26.663
39.024
61.021
19.399
24.779
27.092
23.776
-6.4161
83.178
6.0135
125.42
91.671
58.946
72.764
141.57
73.4
8.5921
27.489
63.436
145.51
132.74
148.75
81.61
68.564
6.921
80.658
18.412
31.004
148.88
28.76
123.95
56.865
105.88
49.5
12.744
91.504
3.7304
100.69
58.983
74.141
142.01
144.48
23.171
132.13
55.712
45.071
32.145
54.572
30.114
104.99
61.24
106.3
102.74
37.001
38.533
43.132
34.95
23.733
68.151
8.982
21.413
32.831
23.051
22.199
46.578
53.422
16.687
24.681
41.893
41.88
109.33
8.7015
29.172
19.769
39.73
6.9407
8.1526
-7.1157
12.323
8.4853
7.3276
19.835
35.421
18.207
15.619
93.315
2.2563
-12.662
7.3208
10.468
14.785
-3.9391
32.392
11.857
4.5173
2.6184
41.354
112.8
5.7617
30.809
33.195
20.042
25.114
24.852
28.453
23.856
-2.5728
6.9132
23.208
33.58
-25.746
105.2
29.45
57.205
64.373
90.991
-5.7132
-14.075
33.573
161.54
158.29
87.302
135.61
138.11
99.353
131.88
30.703
16.742
57.733
31.345
144.92
134.25
73.465
91.222
29.697
116.27
-0.36192
62.045
24.814
32.581
102.74
58.533
178.52
46.409
40.031
88.68
-2.4411
5.3316
27.139
41.838
30.308
132.61
151.7
139.88
62.23
33.155
-19.232
-9.3666
7.6317
22.006
76.318
118.41
43.117
18.952
14.816
36.3
-19.461
-6.431
15.396
46.396
21.762
40.596
5.9724
41.759
7.3004
18.749
-42.796
3.994
4.8355
-4.4255
2.8579
13.898
-23.337
28.411
20.364
27.712
-24.47
-26.509
3.1052
7.8599
11.733
11.338
19.262
0.048464
13.59
32.447
59.969
42.108
36.118
63.692
23.539
10.923
8.5833
16.745
12.039
25.777
17.222
42.693
31.322
24.425
139.83
138.45
87.579
125.29
68.046
124.84
1.3036
43.723
12.871
36.416
135.6
129.66
109.14
150.78
131.62
84.634
-3.5063
-0.80339
8.6226
51.816
30.297
57.416
52.692
44.125
71.162
62.66
-1.4402
-19.142
-2.918
18.157
9.9752
22.07
51.556
135.59
50.368
21.171
-7.318
-22.328
-12.349
108.4
112.99
36.318
74.203
9.163
19.322
19.567
-15.074
-29.574
-41.64
3.6112
24.996
11.387
11.057
-10.896
25.847
30.459
-19.297
-16.69
-10.868
-5.3732
-19.142
-9.2626
-4.199
26.329
8.4639
4.5074
-26.306
-44.932
-47.899
-5.1077
-3.9159
8.357
15.423
-8.3225
53.376
0.27323
-18.167
-44.972
-29.97
-20.023
-26.968
4.78
10.107
-8.8646
17.896
7.7633
-24.439
4.8041
9.1107
-6.3637
4.35
11.112
22.952
41.146
8.7205
6.5818
13.242
13.055
23.88
7.2084
145.65
144.78
90.725
95.447
64.221
-1.5167
4.6833
16.285
9.9554
13.177
77.147
37.552
56.598
9.7189
0.55384
5.0006
-17.1
16.257
12.093
-3.309
47.033
144.14
115.82
27.384
10.222
-15.507
-28.251
-2.2378
-7.7287
44.125
61.083
124.43
39.817
25.969
1.2669
-15.924
-22.32
-7.5542
5.6789
33.657
32.009
18.195
11.721
-1.559
-1.2228
-13.666
-28.188
-55.497
-58.679
15.798
-0.78048
-16.748
-14.49
6.9166
-7.26
-41.078
-25.478
-28.867
-46.371
-4.7028
-2.8074
-3.8896
-1.0838
0.71709
-26.78
-35.006
-50.928
-26.947
-13.589
-7.3071
-15.088
-3.4058
-7.9103
6.4579
-34.984
-20.757
-35.316
-23.573
-22.501
-5.3199
-5.082
-3.9765
12.446
3.9131
-46.918
-2.2761
7.5722
-14.121
26.54
28.925
76.329
-4.7917
6.8271
22.186
4.1921
35.721
22.258
25.804
22.74
101.51
109.85
86.726
66.722
-1.6327
-16.389
-1.5215
-8.804
0.11462
-9.8789
7.6382
101.55
12.753
-5.7877
-35.163
-21.793
-9.8731
48.038
-2.9458
100.69
90.097
45.482
46.204
-12.341
-32.835
3.6196
6.4992
14.279
6.9354
-1.4849
-0.25071
29.336
30.77
-20.633
-38.506
-13.506
-12.34
-23.05
-29.428
33.573
-14.876
-0.62353
-2.6234
-13.844
-11.748
-26.707
-30.876
-33.334
-10.954
-1.8523
-8.6484
-2.8844
-3.426
-41.914
-38.774
-30.391
-17.36
-24.642
-13.89
-8.3403
-12.986
-6.5004
-22.238
-18.116
-30.021
-24.008
-50.119
-19.449
-13.745
-15.809
-4.2246
-14.574
-75.61
-71.258
-44.193
-23.947
-14.604
-16.075
-39.451
-15.607
-1.0876
1.3804
-54.159
-7.1717
-21.886
-37.489
4.1598
-17.971
23.475
-3.2997
-13.798
22.991
0.27132
-3.9103
37.013
0.36115
8.4561
15.48
32.886
42.741
-19.995
0.30218
29.096
-40.197
-28.196
-29.862
-35.712
9.3796
-21.889
62.336
21.353
-15.503
-25.014
-13.125
-5.3317
2.6929
-5.9162
5.0967
-6.9784
22.339
-24.705
-39.155
-18.691
-66.785
-41.641
-14.625
-30.949
-8.6978
1.9991
-14.908
-47.397
-51.024
-33.362
-23.959
-14.641
-28.542
-10.275
-7.6688
4.0905
1.4496
-11.645
-29.477
-36.212
-28.896
-18.186
-14.229
-21.807
-17.458
-3.6933
-9.1647
-36.015
-24.297
-32.334
-31.815
-19.873
-20.051
-11.627
-11.812
-13.16
-23.476
-29.925
-47.362
-76.717
-11.898
-27.867
-34.491
-36.367
1.8979
-34.454
-27.272
-55.17
-35.422
-20.63
-11.862
-30.791
-23.405
-14.047
-13.915
-64.368
-13.992
-58.31
-11.788
-0.55706
15.209
6.6648
-7.1352
-1.6925
-24.145
0.090032
8.8726
17.495
-19.55
-11.135
-14.761
7.3301
-71.678
-24.401
1.1516
-17.394
-40.998
-30.081
-34.64
-23.633
-51
-50.185
-64.857
17.302
-18.88
-19.794
-17.083
-19.22
-35.041
-15.262
-25.122
-9.3283
-4.3867
-32.176
27.459
-43.327
-21.515
-25.301
-93.548
-19.962
-83.43
-42.317
-10.937
-3.0352
-36.703
-46.201
-45.078
-75.93
-33.027
-26.009
-29.223
-1.6646
45.501
-26.7
4.4125
-43.285
-34.266
-16.98
-26.576
-18.738
-22.071
-4.0562
-18.675
-19.556
-48.479
-26.122
-34.894
-25.193
-23.129
-29.173
-30.397
-8.5126
-12.538
-36.975
-60.444
-28.826
-27.471
-14.837
-39.984
-25.078
-13.443
-42.044
-3.9864
-44.064
-26.497
-50.816
-26.914
-21.217
-29.816
-48.467
-20.252
-86.1
-76.083
-47.456
-19.735
-45.065
-0.76036
-11.21
-34.614
7.5172
-29.753
86.475
125.77
20.918
101.55
130.65
34.564
78.154
133.72
52.444
121.16
91.442
103.16
32.029
134.2
20.738
68.284
98.471
128.67
164.86
158.38
134.25
96.999
72.035
42.824
115.17
53.3
65.956
83.142
40.631
93.73
97.185
135.4
130.87
132.4
53.288
21.836
122.99
75.363
93.939
101.49
27.538
-34.568
78.68
160.77
88.029
97.711
30.1
136.24
46.658
54.746
-22.385
101.75
45.541
62.315
63.682
69.401
131.89
76.216
113.08
138.64
160.71
136.74
88.2
75.254
55.194
95.695
115.68
64.201
112.23
52.888
53.519
60.07
123.56
48.482
97.54
83.652
100.95
107.02
105.09
120.23
22.851
103.06
144.11
110.35
83.344
141.6
72.823
48.446
109.08
107.46
20.7
151.26
-5.7829
131.93
114.51
110.31
148.13
96.411
75.813
75.103
48.397
128.87
69.845
81.967
66.82
77.77
182.11
34.864
168.98
65.751
-29.274
90.534
69.043
72.489
15.017
3.0746
110.89
57.687
55.113
122.71
31.566
139.38
116.07
24.893
90.038
88.177
74.557
82.485
133.58
92.052
118.54
96.319
49.104
107.61
107.02
108.33
105.72
97.396
127.5
99.239
70.198
34.761
80.623
81.659
130.78
94.552
145.15
87.498
102.94
150.54
23.377
111.86
31.215
55.209
61.657
172.78
110.28
77.326
70.821
132.49
49.864
28.6
28.254
138.7
117.15
146.75
135.53
62.457
59.672
76.151
101.22
105.58
88.166
128.54
104.2
71.436
94.255
78.245
71.743
33.134
104.74
83.942
72.005
78.845
140.45
40.637
57.657
48.073
57.141
44.931
8.6192
45.03
143.4
61.022
134.62
128.69
66.019
74.643
75.118
74.226
131.73
35.482
115.25
91.832
101.72
114.13
107.12
89.852
126.96
73.204
9.3712
153.57
128.37
157.25
76.322
121.91
75.885
108.66
80.149
89.287
110.17
8.7856
125.95
87.65
120.94
136.89
45.016
107.57
61.959
131.24
36.344
45.92
49.737
120.44
76.859
16.935
117.38
135.32
62.757
102.79
35.687
121.34
145.53
147.52
129.9
35.869
64.436
98.218
59.58
91.34
143.78
133.85
26.632
52.363
97.773
126.38
75.419
54.657
104.07
15.332
87.891
83.242
55.164
61.559
153.32
125.82
37.025
91.992
19.387
9.026
44.225
58.441
53.766
36.067
35.104
62.575
31.718
84.997
45.936
8.1513
65.225
-1.446
-0.19697
42.056
51.081
39.247
84.274
14.088
-2.1443
16.643
55.617
80.437
107.67
78.525
57.09
37.051
42.249
62.493
37.031
45.507
-15.514
-19.064
-86.925
14.006
102.58
139.49
59.952
135.48
144.97
130
-0.99095
-0.86905
18.04
-87.448
53.55
94.098
105.65
80.598
132.01
77.6
19.41
35.026
67.796
135
148.66
109.23
53.309
82.401
54.701
70.474
35.31
52.387
45.861
73.803
76.132
82.077
172.87
66.177
145.54
134.68
4.9793
22.118
32.618
81.771
49.272
133.42
112.12
99.442
47.632
133.68
6.913
24.221
88.953
106.12
130.25
79.683
46.534
53.189
81.831
37.72
-5.9622
12.792
0.10583
43.635
63.278
10.537
14.477
8.683
9.9087
28.438
-13.22
-20.125
62.977
3.6878
31.141
16.221
2.9644
41.363
19.826
62.556
-3.964
-21.043
14.594
4.2122
16.716
2.5287
33.894
17.877
37.054
15.798
103.21
75.408
44.139
41.016
41.794
52.089
12.223
23.643
21.986
20.223
22.229
-8.0752
8.1338
21.171
-11.694
-86.166
102
88.639
124.84
101.59
11.115
-3.8515
21.31
59.502
70.858
138.01
140.79
97.973
124.15
66.574
2.2201
73.15
31.569
108.55
91.468
105.12
118.06
146.85
-13.514
28.651
3.9972
-0.33339
6.1799
23.406
46.916
65.998
165.7
149.15
15.391
139.12
-27.211
-11.056
-2.8358
11.127
51.155
75.829
57.789
28.653
38.474
98.611
-53.001
-9.3874
-30.247
17.429
14.904
32.653
37.863
134.2
69.975
18.194
-8.328
-27.548
-23.45
-11.446
-3.1743
15.162
6.5526
-9.7457
-7.8719
-2.4543
-49.851
-42.343
-38.373
-18.992
5.1088
6.5068
1.8959
26.479
1.234
11.033
-57.441
-53.069
-5.7048
-8.1464
-30.346
-18.786
-10.57
-1.911
24.468
33.913
-11.043
15.457
-18.662
11.342
19.719
19.058
12.931
28.221
32.739
7.7456
-3.7072
42.725
17.752
1.7519
-112.86
62.645
157.05
94.179
155.37
139.06
10.374
8.6705
37.148
31.811
106.63
58.935
69.027
78.015
102.15
74.139
5.4409
-11.506
-1.1289
4.2508
14.132
22.396
130.11
4.8278
149.15
175.48
-0.94607
-27.133
-17.788
-3.0701
30.141
72.427
74.402
122.43
71.502
85.48
-13.899
-22.505
-28.901
22.201
15.125
24.193
38.281
62.026
19.609
23.922
-12.701
-17.963
-18.178
-19.882
-8.6462
-17.27
16.089
0.78936
15.107
8.0375
-24.932
-85.395
-54.503
-43.872
-27.079
-43.887
3.0845
9.4113
2.2261
-6.1201
-47.25
-24.349
-36.089
-39.041
-37.101
-0.97949
-6.5119
-6.7286
-0.76597
14.964
-71.629
-48.301
-56.771
-48.251
-3.593
-13.244
-6.1793
-5.195
9.1293
10.22
-37.57
0.095267
-2.0112
-1.7222
-7.313
19.728
-1.9858
-8.1497
47.624
9.447
15.629
-26.731
19.149
37.198
20.226
80.001
87.493
65.713
55.223
-0.71723
12.472
-1.4518
-0.24313
37.503
26.014
72.754
54.497
60.387
-13.291
-24.461
-17.335
9.4984
-8.7146
102.45
4.9223
-35.385
58.279
19.939
-23.892
-27.672
5.5763
33.811
22.117
52.477
17.178
18.091
29.612
8.6824
-31.123
-14.613
-17.019
-19.659
-16.151
-8.9635
-0.49348
-7.6076
18.204
5.997
-29.205
-43.383
-24.207
-56.569
-22.117
-26.786
-3.4649
0.29889
21.692
-10.051
-36.434
-35.989
-34.052
-26.247
-15.202
-12.039
-9.7806
-7.1989
16.736
-27.563
-93.757
-32.285
-20.034
-23.136
-23.374
-15.56
-11.847
5.3255
-11.373
-62.748
-57.542
-54.593
-36.815
-11.298
-29.421
5.639
-12.858
0.97134
6.7016
-45.091
-8.1917
-25.758
-0.37931
-22.788
-15.007
20.942
-11.79
-6.4604
49.598
9.461
-9.0276
8.2514
19.294
36.723
123.47
76.203
58.306
54.725
-10.346
-35.813
-26.422
-16.266
-25.184
20.166
60.322
-27.298
2.518
9.01
-18.561
-25.518
-22.092
29.411
26.589
32.856
36.963
36.167
-9.8343
-29.727
-21.549
-10.891
-21.388
-13.579
-14.988
-4.6216
-9.7874
-32.706
-36.019
-36.787
-47.618
-36.404
-20.287
-38.253
-27.068
-10.308
-51.316
3.8016
-23.063
-23.398
-87.415
-19.818
-27.773
-75.436
-20.171
0.46174
-8.9836
-2.7549
-32.793
-36.328
-39.599
-90.357
-60.782
-14.119
-10.708
-22.349
-15.795
-20.593
-30.613
-20.634
-77.388
-69.645
-22.842
-11.712
-21.516
-15.807
-13.249
-83.213
-73.043
-70.14
-58.563
-59.879
-39.395
-96.531
-9.0233
16.636
36.288
-88.032
-35.167
-53.326
-42.439
6.3055
8.3601
-17.309
3.7083
1.062
-11.844
6.8007
0.076583
-3.4491
-0.76869
3.1794
-0.098774
-16.569
-9.3674
6.5618
1.4704
-11.217
-17.858
-31.998
-26.294
-21.273
-66.096
-44.527
0.38187
14.473
-28.361
-29.344
-18.588
-5.5231
-7.5366
-14.474
-6.0587
-0.34218
-15.969
-42.114
-51.127
-23.234
-67.002
-34.173
-28.053
-29.747
-28.277
-49.853
-10.506
-36.173
-54.425
-29.121
-8.097
-49.058
-62.01
-29.974
-10.684
10.091
-17.847
-14.882
-32.242
-41.798
-79.939
-51.964
-21.748
-15.831
-16.634
-0.85338
-0.54357
-36.23
50.548
-68.443
-85.438
-29.632
-18.442
-30.08
-5.7765
-5.7816
-35.451
-38.843
-38.591
-27.644
-17.705
-21.587
-35.06
-21.6
-11.583
-28.98
-30.666
-40.144
-47.227
-35.926
-20.189
-9.094
-31.624
-29.196
-8.7004
-82.765
-33.368
-34.433
-44.482
-35.111
3.6826
30.623
-25.132
-6.632
-8.5472
-0.54533
-1.8842
21.116
-30.657
-33.312
-83.249
-23.541
-27.239
-83.999
3.4264
-18.48
-34.536
-22.271
-33.904
-26.431
-18.814
-28.724
-65.97
12.693
-14.456
-37.782
-25.864
-19.993
-38.235
-52.71
-31.519
-36.905
5.2909
-14.303
22.076
-50.874
-26.777
-34.82
-23.228
-21.148
-82.787
-12.451
-15.195
44.618
7.515
-32.035
-98.57
-31.841
-22.115
-10.601
-23.1
9.4816
-13.98
8.0018
-32.573
-26.123
-29.464
-29.397
-20.757
-15.441
-23.789
6.0109
-44.884
-10.249
-44.114
-46.207
-26.484
-29.602
-23.933
-46.74
-44.658
-3.7871
-46.608
-37.136
-63.417
-63.424
-22.133
-22.798
-41.32
-26.776
-31.463
-32.062
-28.023
-84.036
-30.266
-37.859
-73.682
-17.365
-27.53
-32.013
-2.4472
-121.85
-56.49
-59.834
-55.278
-38.48
-9.8834
-45.474
-10.972
-49.666
-26.298
136.36
124.16
95.245
158.06
61.901
107.78
112.77
52.23
61.423
98.177
126.72
93.631
81.716
134.53
140.06
50.632
142.44
123.45
143.09
112.2
90.08
83.751
113.65
137.8
152.7
112.6
127.69
101.3
129.61
134.58
189.39
139.86
164.38
119.22
186.12
141.37
94.086
127.02
152.94
100.71
109.72
103.3
39.522
123.95
115.98
146.41
158.4
130.05
115.51
130.93
146.39
154.23
144.24
110.54
149.94
120.5
128.24
73.771
119.87
147.99
74.391
147.05
156.27
159.63
98.121
165.08
151.08
131.96
105.94
138.51
150.69
107.14
132.41
139.79
159
135.26
133.93
116.13
128
132.42
155.48
120.52
52.766
143.55
154.77
166.75
150.19
135.09
125.81
129.24
139.67
153.74
124.28
118.47
156.53
127.47
131.39
153.07
126.72
107.97
185.4
104.27
96.817
181.41
166.33
92.07
177.46
156.31
154.28
181
120.51
139.26
38.033
140.69
109.61
59.123
139.22
109.24
113.64
74.068
116.35
135.21
119.31
98.979
170.91
169.78
207.47
161.85
63.771
125.81
176.69
130.5
150.12
207.31
115.59
112.38
50.042
154.07
55.574
100.21
64.581
88.098
117.37
97.499
35.044
129.11
91.75
147.15
69.391
124.81
166.33
99.511
120.03
157.56
-30.959
77.179
173.48
48.322
81.438
63.356
5.1215
27.604
67.936
32.934
84.124
113.76
60.081
13.063
52.949
14.94
139.29
24.186
97.552
27.675
132.54
94.628
-5.1966
23.09
36.8
31.515
114.59
139.61
92.004
87.683
24.253
79.988
53.271
31.877
63.257
35.012
122.61
84.48
115.83
104.06
122.12
91.577
109.03
105.07
90.619
67.55
68.854
33.783
97.819
122.95
101.01
113.49
164.23
118.68
114.62
87.097
139.05
-54.161
139.47
122.04
146.56
75.643
131.01
138.59
87.607
148.33
-16.607
124.74
93.926
152.13
90.355
84.706
118.12
121.99
120.47
92.645
112.45
82.833
117.81
80.018
76.34
51.006
121.36
64.49
70.821
76.419
63.395
93.122
46.273
76.785
62.735
141.28
30.063
60.52
109.38
33.864
11.831
25.989
40.07
61.186
50.207
5.64
-11.325
101.32
26.198
-3.6065
3.8753
28.728
102.47
106.24
23.568
48.216
52.724
80.384
8.2473
103.4
-6.5587
3.5621
31.169
41.224
-39.537
-13.598
37.775
-8.5871
1.1369
38.33
-23.614
-3.0605
-25.242
22.13
39.894
-8.4647
-11.934
8.8397
10.959
-0.34426
106.57
85.119
108.93
93.375
51.071
37.028
81.612
38.559
47.116
33.036
-13.057
31.052
131.66
23.24
100.15
96.962
59.231
62.434
102.15
103.8
31.799
114.21
137.39
140.37
132.34
89.052
119.15
123.99
147.56
87.069
32.418
29.562
17.611
81.565
56.336
83.652
83.198
92.23
63.354
85.717
-2.2346
30.578
3.1175
31.237
21.137
103.8
44.787
13.802
118.86
110.62
-4.6485
-10.432
2.6183
18.163
-12.087
58.319
54.169
75.409
36.965
43.335
-25.918
-29.45
-10.948
51.302
55.433
21.417
54.159
53.541
-0.3325
40.635
-62.177
-28.123
-43.949
4.8939
-49.551
-20.879
23.014
49.679
22.358
38.496
-63.067
-68.634
-12.351
-10.521
-43.101
-42.277
37.132
-3.7008
15.751
-20.641
-43.887
-44.973
-51.716
-41.222
-28.022
23.836
-4.4368
-9.3792
11.482
18.353
29.715
49.733
44.753
18.14
27.826
33.723
52.25
40.025
29.796
19.313
31.308
-15.35
-9.9887
-21.803
149.89
115.92
84.303
113.67
150.3
18.387
6.7631
-11.403
18.694
44.293
108.94
102.22
84.016
111.42
134.45
141.62
18.883
-3.9162
8.4444
22.897
69.258
36.377
42.659
94.32
64.17
26.109
-18.229
-21.106
-9.9877
6.8249
-7.5313
60.729
-5.8422
87.265
58.354
67.675
-32.268
-19.552
-11.966
1.2147
-42.96
36.548
94.563
42.313
43.35
22.082
-25.263
-67.063
-14.614
-10.978
11.791
9.0991
7.149
-23.675
23.302
42.003
-44.828
-49.543
-55.365
-40.891
-31.574
-12.247
-34.616
13.533
19.812
26.181
-59.28
-27.043
-55.333
-45.02
-33.531
-5.9072
25.861
5.4136
11.154
3.6095
-56.078
-58.194
-41.835
-53.855
-29.661
-4.5566
-37.747
-34.326
-9.4061
55.246
1.9957
35.643
10.795
17.593
9.942
31.13
24.81
21.79
7.1193
15.858
-0.10398
3.4989
-8.1228
21.753
37.303
7.5711
141.12
-25.877
118.63
73.511
4.315
-0.75148
2.1554
12.132
3.7061
25.604
33.22
109.09
31.319
56.859
8.8899
-6.0725
-14.08
-13.766
-8.1914
5.9626
16.435
-0.089774
16.939
73.083
22.678
-36.795
-24.272
-22.915
23.23
-20.832
57.555
54.331
52.827
-9.9611
-13.459
-11.774
-22.396
-0.61786
-16.371
-22.15
-1.387
-11.704
7.8165
-11.592
-21.576
-39.085
-18.876
-40.132
-42.974
-9.0829
-10.073
-27.563
-14.18
1.719
-8.9771
-31.452
-55.608
-56.468
-45.469
-39.981
-24.488
-0.86674
-8.4139
-20.739
-53.45
-100.31
-77.032
-45.417
-28.927
-34.05
-4.6229
8.9309
-11.052
-3.9031
-63.165
-53.957
-46.482
-59.807
-37.897
-19.618
-42.293
-13.386
-16.32
-2.8318
-43.79
-5.3824
-28.611
-7.9957
10.513
2.4843
-26.01
24.159
25.675
-0.80797
5.6085
10.919
24.917
15.761
101
24.577
33.819
28.239
17.471
-8.7171
-17.26
-4.8225
-12.274
-2.6377
37.866
70.771
21.307
-3.9836
-13.986
-31.349
-24.905
-6.3506
-37.61
-24.477
78.438
41.721
66.225
23.835
0.06481
-34.919
-23.928
-5.8891
4.26
36.952
35.214
32.806
26.001
17.368
-19.898
-45.285
-43.828
-25.684
-39.735
-28.178
-7.9076
10.111
-13.395
-15.962
-33.859
-11.371
-72.892
-35.98
-47.048
-7.1493
-76.212
30.834
22.914
-0.9281
-44.181
-62.022
-30.198
-82.622
-37.473
-26.427
-16.224
-13.091
-16.232
-19.822
-60.49
-45.383
-66.23
-23.149
-27.34
-15.199
-21.708
-20.99
-1.5852
-22.684
-78.872
-58.287
-31.74
-56.917
-10.993
-30.957
-16.642
-7.677
9.2007
-43.281
-25.943
-24.4
-24.478
-0.11111
14.217
-13.344
-25.231
-7.5763
20.451
-1.9675
0.33057
-1.2398
17.026
-0.9225
38.187
24.064
49.767
11.82
-7.815
-41.885
-20.739
-28.925
-33.776
-10.059
-43.09
38.141
-51.39
3.966
-44.481
-27.161
-28.666
-12.155
15.816
60.865
36.491
-7.5276
-18.839
-34.6
-28.611
-25.226
-36.809
-11.226
-16.259
-24.678
34.215
-6.2706
-23.436
-33.736
-37.686
-10.777
-31.141
-26.276
-58.202
-16.233
-19.281
5.8172
-27.459
-20.211
-30.526
-81.583
-29.752
-62.334
-18.067
-12.598
-7.5803
14.906
-8.864
-43.825
18.6
-65.523
-24.613
-22.613
-15.064
-27.572
-26.922
-28.196
-38.98
-46.378
-32.175
-38.211
-24.617
-18.756
-16.977
-29.74
-22.736
-81.246
-102.93
-59.071
-16.706
-19.968
-23.116
-24.034
-20.813
-34.059
-10.367
-78.829
-45.683
-18.522
-37.6
-16.28
-23.7
-24.608
14.036
-13.898
-21.209
-0.8834
0.2807
1.2615
-16.256
-6.5137
-25.951
-30.502
16.225
-17.839
0.67773
-17.846
-33.281
-19.546
-35.825
-64.947
-35.437
-62.459
-62.085
-0.66589
-34.9
-24.909
-37.655
-14.54
-14.528
-18.857
-8.8762
-24.386
-8.3132
-26.675
-45.242
-8.0501
-14.643
-60.912
-59.819
-22.216
-15.087
-43.481
-13.201
-30.398
-46.334
-35.591
-25.657
-24.766
-83.624
-32.511
-2.6118
9.8361
-43.442
-21.8
-18.014
-36.941
-28.78
-8.1454
-16.192
-14.033
-8.1782
10.526
-13.704
-45.771
-9.5384
-32.685
-61.435
-21.054
-24.996
-18.6
-27.035
-1.5683
-17.45
-51.716
-98.886
-33.118
-24.056
-28.708
-35.442
-37.397
-36.1
-26.757
-27.327
-26.915
-50.66
-15.919
-19.4
-56.304
-22.344
-14.24
-15.162
-82.165
-74.759
-41.782
7.8815
-15.512
-47.075
-29.686
54.194
-14.897
-15.244
4.1359
12.771
34.228
3.5977
-43.804
-21.234
-73.192
-27.38
-44.328
10.117
5.7221
-5.6337
-31.732
-30.634
-24.996
-56.826
-72.787
0.21689
16.799
-18.912
-38.596
-18.349
-18.369
-43.036
-5.8539
-51.844
-4.3212
-5.878
-21.602
-15.615
-18.216
-9.0686
-26.759
-58.899
-95.625
-42.177
-1.3834
40.687
-14.048
-24.803
-19.83
-66.472
-101.28
-30.763
-22.324
1.0062
-11.92
-11.008
-39.417
-40.036
-35.071
-29.949
-30.828
-16.094
-32.683
0.56163
11.692
-30.443
-30.363
-11.375
-26.662
-30.203
-66.136
-40.207
-50.64
-0.23846
-22.325
-30.897
-31.058
-38.087
-23.448
-23.914
-16.472
-6.9821
-33.082
-58.599
-31.761
-58.731
-60.652
-16.88
-39.068
-39.479
-51.582
-5.5192
-20.607
-76.091
-35.894
-61.63
-31.876
-48.097
-36.989
-31.27
-11.108
-9.4982
-14.964
102.93
120.5
123.92
176.77
91.548
131.46
140.13
103.32
158.08
71.086
120.53
149.55
162.71
78.085
110.23
124.15
175.4
103.59
128.63
112.88
91.067
76.496
128.96
128.93
159.6
126.2
127.81
120.12
86.248
94.495
147.59
120.01
173.71
98.371
151.09
119.22
96.36
131.71
116.96
95.314
160.19
91.191
79.367
132.38
139.88
127.87
121.07
115.22
70.694
97.061
125.52
128.52
103.84
129.9
104.06
133.41
124.43
128.22
118.41
77.988
97.837
107.71
92.802
136.29
49.141
70.198
141.76
129.51
97.965
83.951
123.54
152.06
109.26
131.86
146.23
135.8
91.074
140.14
120.9
104.56
134.94
110.75
127.26
147.23
123.42
111.53
104.78
148.4
121.03
95.683
134.81
128.51
155.84
114.61
129.62
104.32
131.71
127.24
127.31
65.713
106.12
190.29
137.07
93.863
180.79
128.68
172.72
123.1
116.45
123.96
0.48683
93.481
81.021
164.78
199.64
134.54
183.95
142.94
98.809
151.85
111.57
115.24
157.57
138.58
150.63
175.77
114.31
101.81
126.25
120.44
71.763
101.34
162.76
127
19.843
64.545
137.72
83.479
51.578
92.466
106.64
104.88
103.78
67.094
63.51
90.555
91.37
39.246
81.189
17.15
-34.613
1.1867
70.765
-15.256
85.229
28.817
41.968
61.837
36.883
35.567
28.171
45.227
-1.0083
-23.36
1.7861
78.947
-1.4535
71.541
30.301
12.466
-0.38847
-6.6097
-0.81981
-15.063
-2.1485
-22.756
32.142
44.256
2.6573
-6.1316
17.802
-6.7993
7.1065
41.237
10.401
34.998
50.212
12.598
17.066
19.423
100.16
134.52
120.89
119.09
102.33
89.819
53.561
74.903
52.762
62.419
-100.13
-91.597
26.31
-3.324
68.689
130.73
61.062
116.65
91.165
111.22
132.04
43.56
36.868
137.73
68.551
71.188
87.915
118.37
88.638
76.821
70.052
106.99
49.743
73.211
66.993
92.009
45.958
64.655
36.865
72.327
14.27
12.46
6.4179
30.615
18.896
24.195
54.532
39.336
114.41
51.502
-16.01
4.3217
1.213
16.823
-16.156
44.81
24.103
0.3187
-33.353
-5.1444
-63.234
-45.957
-25.512
-30.168
27.107
-50.454
-15.321
-25.065
29.698
-38.956
-49.285
-31.4
-4.0438
-31.276
-29
16.756
42.138
-35.76
6.0198
3.8615
-47.897
-67.487
1.8529
-8.9277
-45.388
78.557
-33.345
16.595
38.353
66.006
-49.074
-64.795
-45.236
-12.531
14.63
-7.1853
-13.792
4.9871
-10.347
11.3
4.431
70.224
51.464
58.258
31.281
44.786
34.295
42.116
37.619
37.556
18.28
32.337
38.159
138.97
0.25619
22.06
53.472
107.89
39.935
127.75
12.741
107.74
12.263
57.256
82.25
97.693
89.137
90.786
17.736
49.687
-0.67314
-17.006
-21.015
1.5495
8.2761
11.19
-5.5441
21.73
-6.5312
-15.002
-36.229
-48.645
-34.527
-23.51
2.7271
-4.262
-15.305
16.459
-12.249
-12.382
-36.89
-59.462
-21.282
-35.476
0.017786
-39.162
-52.59
25.851
15.239
0.61925
-84.845
-61.333
-69.1
-38.525
-24.121
-15.629
10.693
-16.365
10.89
19.934
-70.395
-43.415
-47.822
-48.765
-53.969
-10.128
-8.7484
-16.354
-4.7187
50.795
-107.85
-92.581
-43.47
-39.904
-17.477
-43.326
-47.571
-23.938
-20.399
12.55
-86.589
-50.917
-41.331
11.372
-33.802
-57.283
-17.457
-10.861
0.11132
-21.482
-0.055753
2.1129
7.6361
10.595
4.4427
-4.3966
15.351
26.394
2.1413
27.366
-0.35984
9.9826
1.0689
87.866
-104.64
102.41
75.239
121.3
49.564
119.62
-3.1735
-7.7275
-17.275
0.86095
22.539
65.605
50.281
-3.7091
104.09
12.979
-10.024
-40.362
-8.6826
-47.514
-22.228
18.642
-29.424
12.75
-14.97
-19.044
-16.805
-26.51
-30.487
-26.863
-40.473
-55.566
-24.643
-28.978
33.762
-25.788
-28.293
-39.038
-43.969
-79.945
-6.3752
-28.587
-17.353
-2.6795
37.457
0.35986
-28.165
-43.399
-66.826
-56.337
-30.717
-42.103
-26.992
-23.218
69.035
-22.557
-71.037
-89.031
-55.932
-58.297
-44.804
-58.509
-61.918
-37.056
-6.1282
-10.173
-65.817
-47.834
-47.381
-80.41
-60.1
-61.328
-49.654
-28.021
-16.97
-18.575
-95.078
-81.907
-40.352
-73.566
-69.962
-25.134
-36.094
-35.442
-35.064
-1.0787
-74.412
-22.992
-20.966
-14.982
-16.781
2.5988
-15.345
14.625
33.389
10.097
-9.9118
-12.721
-6.5499
38.659
-70.006
-3.0756
54.669
104.69
53.674
97.653
6.6133
-19.922
-25.405
-15.071
-1.2782
-31.982
-40.673
-17.183
-1.1455
48.068
1.9048
-0.45893
-25.423
-66.261
-23.687
-44.012
-11.688
-11.312
-46.24
17.753
-13.687
-34.255
-39.554
-26.953
-58.668
6.6425
-51.11
11.257
8.4696
-10.309
-9.8549
-19.427
-34.545
-49.258
-55.969
-68.937
-37.17
-25.724
12.226
-42.801
-19.883
-11.718
-86.163
-76.176
-84.059
-58.066
-21.822
-18.452
-80.808
-8.5661
-11.828
-46.472
-93.543
-52.932
-60.606
-35.042
-67.688
-35.929
-12.42
16.563
-22.165
-80.591
-31.167
-55.67
-73.699
-41.919
-49.428
-53.336
39.646
-13.582
-90.937
-22.676
-45.232
-18.589
-63.386
-33.531
-49.641
-21.954
-35.306
-14.911
-75.137
-47.561
-24.592
-41.497
-33.172
25.09
-13.633
-7.6843
20.965
60.805
5.9402
-2.2659
2.4563
5.589
-44.281
5.2091
63.666
21.635
16.904
-13.548
-28.729
-24.097
-22.519
-46.913
1.4404
-27.586
-13.677
-40.971
1.2884
-45.005
-35.951
-74.27
-28.06
21.228
23.404
20.202
16.702
19.055
-43.303
-23.845
-40.776
-37.301
-10.321
-15.849
-32.017
-17.327
-30.458
8.3483
-7.5672
-32.756
-47.918
-34.953
-46.994
-76.513
-51.258
-51.187
-37.778
10.384
-23.432
-25.025
-36.341
-86.886
-75.662
-40.452
-7.7496
-9.5753
-14.474
-8.8009
13.032
-27.202
-52.888
-52.842
-53.779
-59.363
-12.008
-23.648
-9.1524
-32.023
-23.327
-31.894
-34.747
-74.998
-67.217
-18.09
-47.212
-18.814
-29.285
-68.735
-73.072
-87.252
-51.044
-51.858
-59.775
-57.028
20.3
-33.685
-30.861
-78.949
-42.355
-33.203
-30.116
14.394
-1.8648
-33.447
28.362
34.223
-22.577
-0.39176
-20.645
-0.47857
1.4417
0.98905
-18.13
11.761
-22.84
-0.03006
24.331
-11.111
-39.08
-32.587
-30.999
2.0818
-36.181
-41.919
-43.427
-12.499
-39.824
-14.116
-27.356
-20.657
0.94786
-4.0708
-6.7196
-19.268
-19.822
-36.296
-22.563
-38.181
-40.734
-55.66
-30.418
-43.186
-65.487
17.605
-45.023
-26.026
-43.375
-29.89
-28.559
-32.778
-73.433
-32.161
-22.627
2.5941
-11.581
-46.603
-36.598
-88.632
-76.53
-20.835
-74.266
-23.603
-19.675
-2.7352
10.819
-35.37
-77.141
-42.816
-29.893
-28.319
-19.296
-22.013
-16.327
-18.731
29.196
-82.112
-35.601
-29.546
-21.452
-59.977
-19.866
-30.201
-15.928
-53.019
-85.111
-48.7
-41.532
-53.141
-27.086
-51.438
-4.9392
79.127
-31.94
-93.556
-51.276
-68.402
-51.669
-58.301
-6.3089
-15.96
-18.482
-49.056
-24.78
-2.5422
-7.5707
8.5506
-5.5559
-20.761
-13.289
9.1829
18.316
-24.545
21.875
-4.2748
-43.056
-38.498
-29.386
-72.899
-51.704
-58.427
-35.513
12.638
-43.773
-33.017
-32.726
21.521
-2.1114
-9.1025
-24.11
-8.5167
6.5463
-41.134
-51.737
-23.621
-60.713
-15.033
-67.7
-54.013
-57.652
32.644
-15.096
-15.582
-38.915
-42.886
-103.66
-31.526
-21.483
-13.866
-36.58
-10.433
-8.6261
-17.997
-36.077
-45.672
-24.954
-92.055
-22.47
-10.977
-21.474
4.2175
-14.687
-7.6017
-45.28
-92.521
-71.012
-15.941
-7.7647
-17.311
-32.756
-16.92
-42.909
-34.646
-33.62
-17.646
-20.778
-20.006
-32.209
-40.066
-23.882
-28.747
-24.584
-10.764
-65.468
-32.733
-25.91
-23.226
-19.243
-18.248
-22.41
-95.566
-29.617
-61.448
-54.956
-67.494
-1.7005
-47.241
-19.236
-15.954
-15.49
5.8721
-6.3774
-18.739
-4.1229
-10.963
-34.704
-40.973
-101.27
-77.42
6.4026
-7.4983
-46.022
-43.261
-32.688
-27.609
-84.706
-76.146
-76.871
2.9241
-18.553
-36.948
-14.523
-24.827
-49.705
-21.679
-25.671
-39.532
-0.15206
-28.639
-16.857
-24.006
-45.448
-95.641
-64.766
-35.857
-44.415
-122.8
-13.624
1.8249
-10.853
-37.264
-40.407
-31.75
-98.991
-28.85
-17.103
-0.0858
5.0742
-4.045
-44.486
-27.962
-45.066
-33.533
-28.509
-29.631
-22.495
-1.8813
32.059
-19.594
-52.171
-43.011
-38.99
-30.723
-34.018
-42.71
-33.117
-0.77071
-26.501
-15.878
-50.703
-28.258
-21.071
-33.819
-23.27
-43.166
-48.666
-28.262
-47.106
-68.315
-68.424
-21.036
-64.791
-33.093
-6.2165
-24.08
-10.362
-114.35
-84.961
-52.139
-80.212
-28.95
-20.531
-28.605
-15.49
-16.104
-29.178
56.687
-33.986
-12.482
5.6343
52.434
-8.861
60.651
59.174
6.2936
10.75
40.15
26.375
-26.335
40.593
39.54
80.48
-3.2147
54.42
15.11
135.27
-11.897
8.318
-35.049
104.98
44.325
3.3714
-7.7705
26.849
11.231
44.794
-25.525
-17.73
4.8946
-18.609
18.856
43.532
28.355
53.334
-2.6189
12.503
-54.974
-32.325
-15.716
39.306
2.0943
-23.317
27.607
-18.836
-27.965
8.5871
-33.599
38.423
16.359
29.675
3.6172
-34.033
-3.9284
14.18
10.7
32.462
-14.485
-18.214
31.297
36.871
71.298
27.254
8.5715
-14.572
3.834
29.088
18.823
25.246
-22.825
7.4628
20.758
54.035
55.45
27.643
-2.2158
40.013
27.146
34.604
55.793
-10.968
90.844
75.088
57.685
96.188
18.488
29.976
87.174
88.369
28.209
131.57
89.331
67.694
50.234
116.61
78.441
134.65
67.628
-72.176
78.486
98.654
89.706
83.724
107.06
62.415
81.324
88.277
76.858
45.987
53.054
93.456
44.912
104.26
97.57
74.517
97.799
57.783
-12.254
-35.74
8.4146
10.702
75.224
60.274
59.002
-7.1211
15.864
62.115
-73.635
-1.5482
7.2267
63.054
-29.594
11.167
2.623
23.686
-7.4139
33.01
-85.57
-40.636
-32.183
-4.4121
24.531
-31.014
-5.8056
3.7836
22.278
3.1209
-77.099
-106.46
-82.949
-39.094
4.5407
24.146
-14.945
-21.425
-25.439
15.633
-104.55
-82.601
-48.118
-62.529
-41.492
-66.043
-70.925
-57.664
-29.606
-14.925
-83.836
-66.099
-50.38
-19.194
-36.108
-14.951
55.091
-51.482
25.17
12.971
-88.237
-58.841
-55.717
-9.2787
-21.583
-52.428
-23.654
2.2195
-9.1134
3.8094
-43.285
36.293
-34.201
28.558
18.598
-2.111
11.081
16.539
55.265
41.662
19.806
35.507
41.789
-32.519
33.802
35.525
62.89
9.7277
11.313
6.7756
-21.949
27.409
-37.038
26.338
4.3419
-8.4494
-4.3484
-19.019
-2.1202
-15.173
-39.52
23.198
-48.422
-23.916
-34.616
-18.245
-21.161
-17.46
22.967
-9.7448
-51.89
-61.359
-108.1
-25.001
-59.765
-63.84
-57.486
-61.793
-24.695
3.121
-61.213
-76.815
-10.62
-22.336
-71.631
-41.829
-71.789
-42.52
-68.78
-51.034
-127.84
-43.818
-91.794
-32.615
-73.052
-65.186
-21.895
-14.435
39.967
-82.2
-106.54
-110.65
-119.21
-78.024
-79.473
-52.869
-20.151
-54.787
-26.937
-16.367
-124.15
-110.92
-97.981
-67.66
-79.63
-48.212
-63.345
-35.958
-64.24
-40.751
-6.4402
-86.138
-53.543
-55.179
-53.927
-9.6397
-48.055
-30.244
38.393
-14.122
-76.111
-15.45
-60.146
2.7746
-21.8
-21.017
9.3942
-11.359
43.395
15.914
-1.0095
-14.037
30.257
20.782
-18.722
2.0502
-15.008
-21.319
28.062
91.299
-1.607
-35.087
-36.33
-5.3106
-0.33451
-33.074
-31.692
-34.631
-30.605
-47.723
-62.538
-35.779
-72.561
-39.994
-9.3815
-32.591
-50.903
-25.911
-71.278
-32.602
-59.164
-92.428
-88.933
-65.014
-46.268
-48.59
-48.46
-64.623
-54.072
-66.85
-26.575
-103.54
-57.023
-60.564
-51.728
-34.92
-32.715
-30.686
-20.838
7.7487
-63.116
-131.66
-62.723
-63.582
-36.41
-25.542
-31.971
-49.273
-37.165
-20.705
-56.055
-85.292
-56.128
-89.142
-63.74
-44.178
-1.1137
-14.263
-23.396
-63.465
-13.833
-109.21
-93.582
-74.734
-66.123
-49.181
-70.235
-18.005
-40.474
-50.934
-84.929
-84.386
-76.874
-72.64
-55.401
-41.095
-43.187
-53.101
10.319
-64.023
-86.003
-65.749
-58.12
-25.283
-31.472
-21.659
-25.681
74.706
-3.3531
-20.572
7.0758
-2.4907
11.899
-22.595
-29.638
-9.9265
-0.4119
-32.685
-32.139
-2.0856
-19.848
-1.7704
-72.434
-33.673
30.069
-73.483
-34.815
14.251
-34.746
-53.205
-6.2731
2.6338
-41.16
-81.952
-77.667
-48.907
-66.416
-43.656
65.7
23.185
10.145
-21.656
-30.905
-45.623
-58.879
-55.201
-40.281
4.5027
-20.197
2.832
-8.6737
-36.334
-87.786
-26.932
-83.039
-40.142
-33.858
-54.521
-21.343
-48.061
-29.242
-119.48
-116.93
-90.451
-61.407
-47.047
-53.478
-28.269
-64.792
-21.777
-85.911
-75.552
20.611
-58.293
-57.515
-43.029
-77.18
-44.342
-32.009
-26.265
-124.01
-74.249
-76.779
-65.973
-61.504
-24.724
-64.059
-45.423
-47.379
-25.717
-90.219
-98.241
-65.963
0.92311
-53.764
-73.282
-32.121
-35.12
-23.629
-38.917
-88.073
-65.776
-48.323
-22.156
-7.3704
-44.669
-26.088
-31.648
1.7159
-13.962
0.0555
0.86532
-1.6238
-0.16548
-10.994
-28.461
-15.379
-68.844
-43.205
-0.10814
33.444
-27
-29.872
-41.145
-39.587
-29.177
-23.362
-42.578
-60.003
1.7275
-26.985
-28.837
-26.67
-13.644
-33.732
69.593
-63.79
-7.535
-19.282
5.7641
-10.549
-40.087
-47.264
-68.526
-41.622
-45.855
-45.355
-23.859
-26.162
9.4948
-31.918
-50.163
-80.005
-58.435
-69.927
-62.992
-64.149
-47.576
-46.645
-15.078
-21.326
-140.65
-40.505
-78.4
-47.262
-65.625
-27.474
-51.141
-61.035
-25.861
-23.994
-31.304
-71.522
-91.822
-58.266
-68.998
-50.242
-40.835
-11.422
-18.611
-105.82
-91.438
-70.056
-42.952
-35.106
-38.055
-49.882
-49.802
-24.257
-134.14
-44.69
-85.623
-101.27
-51.402
-61.929
-57.22
-58.505
-43.368
-58.39
-64.982
-58.606
-55.14
-19.303
-46.856
-48.685
-25.353
15.367
1.863
-37.749
-4.1668
-15.146
-12.815
-23.983
63.747
-45.993
31.063
-52.523
-39.489
-1.3518
7.7962
-15.463
-25.229
-99.586
-62.03
-74.885
-70.743
-46.173
-5.3836
-21.946
-41.692
-27.261
-26.356
-32.542
-13.641
-71.05
-12.529
-2.3373
-16.282
-29.262
-21.769
-15.329
-61.237
-49.614
-50.479
-58.081
-59.46
6.0815
-18.317
-40.72
-46.022
-24.288
-67.927
-55.206
-73.749
-63.882
23.208
19.046
-36.372
-47.709
-127.3
-24.197
-53.484
-32.442
-45.182
-12.323
-38.496
-6.6739
-34.869
-50.092
-100.91
-67.995
-64.449
-56.325
-38.476
-82.215
-24.313
-26.03
-106.15
-62.983
-19.669
-50.645
-22.625
-51.462
-39.275
-44.108
-41.028
-93.946
-41.104
-106.98
-49.768
-58.494
-65.012
-14.329
-61.86
-31.791
-35.442
-96.092
-78.619
-70.163
-79.5
-48.691
1.9697
-2.4535
-15.242
-12.034
41.538
-8.7251
-11.521
-18.709
-17.717
-31.502
2.7121
-56.86
-12.584
-14.635
-7.3638
-40.632
-24.144
-31.081
-33.413
-74.186
-68.428
-44.928
-73.828
-2.1097
-4.4575
-25.609
-38.67
-41.043
-11.882
-32.797
-1.5448
-30.868
-6.6819
-41.165
-50.285
97.398
-23.14
-76.455
-66.344
-74.697
-37.831
18.273
-30.238
-46.839
-46.619
-26.33
-89.305
-81.721
-66.621
-67.712
11.059
4.683
-20.858
-5.565
-38.979
-128.22
-83.253
-82.552
-68.336
-21.624
-20.116
10.692
-51.154
87.327
-99.974
-42.977
-67.649
-40.587
-23.238
-28.579
-31.477
-4.8951
-18.029
-109.09
-22.666
-91.684
-37.278
-57.598
-56.074
-19.474
-33.223
-47.351
-25.727
-48.347
-38.638
-56.82
-51.749
-51.227
-45.032
-55.175
-22.698
-84.475
-64.839
27.256
-54.131
-64.355
-23.63
-15.523
-27.682
-27.851
2.1594
21.592
-15.214
-20.813
-6.1627
-36.338
-4.3487
-6.0189
-93.169
-69.528
1.6038
-10.272
-42.05
-10.433
-39.106
-69.715
-45.119
-50.31
-53.764
-1.3807
-38.555
-35.331
-35.977
-29.797
-49.658
-39.117
-57.296
-51.071
-14.905
-22.05
-11.282
-102.07
-85.124
-93.204
-70.793
-55.861
-31.249
-0.3349
-15.148
-44.156
0.9025
-101.08
-37.941
-82.702
-85.183
-80.665
-58.742
9.7307
-17.149
-14.912
-37.868
-41.191
-42.413
-27.84
-16.918
-22.927
-16.851
9.3443
18.485
-34.068
-100.17
-38.472
-27.815
-21.47
-22.35
-20.318
-6.0871
-18.425
-28.64
-29.788
-41.966
-28.998
-23.327
-32.821
-36.218
-77.025
-33.863
-85.196
-66.604
-68.643
-68.09
-38.126
-67.994
-30.398
-58.418
-64.814
-60.833
-61.866
-32.218
-68.324
-40.549
-47.496
-62.467
49.422
-18.693
-62.564
-33.497
0.3605
12.295
37.126
-44.732
-31.081
-25.826
-113.62
-44.707
-40.614
-0.077639
5.6347
-37.449
-27.416
-35.513
-24.556
-40.089
-65.858
-27.159
-3.6381
-16.983
-24.064
-36.339
-7.8618
-21.514
-33.514
-33.202
-49.236
-2.6907
-21.753
-6.8547
-21.336
-72.36
-58.089
-72.86
-82.42
-35.886
-49.853
1.5893
20.996
-12.307
-17.591
-116.97
-123.03
-96.195
-65.77
-14.167
-13.871
-15.07
2.8832
-50.691
-2.2329
-102.37
-33.663
-23.673
-13.232
-25.361
-2.8346
-29.749
-19.616
-52.159
-35.032
-35.782
-32.662
-17.208
-16.937
-12.346
-2.46
-41.359
5.0577
-34.95
-33.877
-26.059
-36.589
-21.451
-20.665
-49.485
-39.638
-32.299
-77.636
-56.773
-16.693
-15.309
-44.034
-70.242
-8.4169
-14.426
-78.552
-16.077
-49.576
-63.25
-61.253
-52.163
-65.752
-12.299
21.874
-46.476
