50.965
-1.2873
-18.588
-83.578
-2.6658
-42.151
-75.769
-16.994
-26.978
-15.096
-31.316
-48.406
-23.707
-51.001
-30.693
-63.417
-75.671
-82.24
-35.037
-33.941
-90.738
-44.81
-94.627
-66.178
-38.763
-91.534
-39.135
-48.106
-79.842
-40.5
-42.59
-49.578
-26.563
-122.08
-45.732
-12.211
-5.186
-79.541
-16.331
-33.132
-65.055
-51.399
-96.881
-46.753
-107.27
-32.195
-59.371
-90.548
-110.39
-86.745
-43.297
-35.067
-96.052
-78.49
-73.521
-81.486
-43.567
-88.84
-125.06
-98.359
-79.602
-38.645
-89.099
-62.548
-94.763
-104.58
-105.96
-86.457
-88.59
-45.134
-70.424
-83.423
-37.18
-105.9
-73.342
-101.85
-58.477
-55.862
-70.168
-115.06
-83.444
-60.181
-90.703
-37.204
-104.43
-93.052
-62.402
-19.634
-53.275
-71.832
-19.466
-66.442
9.4198
-9.1303
-20.132
-58.545
11.093
-22.164
-20.297
10.935
-41.43
-69.036
23.118
-39.845
103.45
153.62
-61.303
62.98
-13.789
9.429
6.843
29.01
-3.1805
-15.563
-76.037
-84.421
1.7462
22.748
-11.051
-78.749
-32.877
-66.7
-18.588
-87.477
-108.28
-106.22
-15.572
-11.34
-25.379
-42.138
-45.235
-37.618
-56.81
-78.884
-135.12
-78.098
-116.73
-93.273
-46.245
-47.018
-124.45
-126.88
-21.028
-55.018
-90.391
-100.18
-50.809
-85.534
-81.404
-68.573
-92.577
-94.579
-78.241
-111.91
-48.274
-92.886
-72.995
-85.274
-90.507
-64.208
-64.377
-89.28
-63.987
-78.887
-91.222
-28.661
-101.91
-78.931
-68.289
-73.877
-69.391
-67.272
-68.374
-76.029
-87.563
-89.804
-86.228
-62.221
-62.322
-84.064
-106.78
-89.398
-94.217
-73.55
-50.869
-89.435
-80.849
-67.329
-69.033
-70.651
-73.129
-62.155
-83.627
-98.549
-60.74
-106.5
-64.079
-67.514
-21.22
-81.558
17.6
49.343
-108.68
85.748
-38.152
-51.8
-0.40143
-6.4268
27.971
-36.371
-26.04
-56.128
-136.65
-10.243
61.585
-84.967
-3.3566
-13.166
-46.386
-34.84
8.817
111.68
-19.099
-67.94
12.34
-97.876
-111.17
-62.961
-67.066
-86.269
-164.09
28.517
-99.805
-112.79
-129.03
-77.522
-90.68
-122.07
-59.941
-69.614
-77.238
-141.57
-92.174
-65.341
-82.669
-73.413
-111.67
-63.224
-59.758
-34.952
-120.34
-88.212
-132.75
-132.97
-85.315
-77.455
-72.431
-63.586
-26.243
-48.572
-69.514
-115.01
-81.73
-109.96
-108.78
-100.41
-78.676
-75.762
-91.897
-72.677
-123.56
-80.119
-136.37
-75.268
-30.92
-85.573
-80.315
-67.619
-51.015
-65.475
-74.928
-109.52
-12.436
-96.231
-72.026
-66.711
-72.33
-80.483
-79.122
-59.652
-99.464
-99.534
-68.779
-60.166
-54.754
-79.78
-52.82
-61.078
-18.205
-54.571
0.65393
0.0069048
-11.906
4.1136
-120.72
33.922
36.402
-80.335
-7.0144
-49.982
-57.047
-104.12
62.984
23.661
-28.633
-106.77
-75.934
-65.133
-25.318
-49.603
-23.087
97.57
-38.714
44.87
-29.983
-66.078
-83.434
-86.613
-62.328
-79.531
-12.97
-100.18
-33.611
-115.84
-87.816
-82.396
-82.867
-31.009
-50.758
-59.274
-72.585
-28.631
-137.01
-15.81
35.164
-80.527
-53.456
-85.773
-94.82
-52.092
-37.959
-42.991
-53.787
-105.93
-13.334
-120.97
-50.986
-79.726
-44.788
-112.32
-86.653
-148.51
-133.5
-58.857
-90.601
-117.54
-99.11
-70.475
-70.75
-61.933
-71.246
-129.76
-107.69
-72.063
-64.255
-83.69
-60.854
-67.954
-76.419
-74.775
-112.54
-76.526
-111.46
-94.231
-38.503
-75.004
-68.7
-29.575
-40.838
-34.739
-92.319
-66.682
-57.894
-63.123
-65.918
-74.85
-41.348
-21.951
12.914
-44.736
-0.42008
24.683
4.6563
59.73
24.174
38.48
-48.478
-5.8382
-69.862
-25.399
-2.2959
9.4845
-22.776
-127.22
19.329
-7.6285
-89.485
-69.38
-52.382
-74.644
13.899
-20.186
-28.125
-56.519
-12.29
-90.508
-44.788
-66.569
-64.551
-70.14
36.674
-37.009
-35.475
-8.1371
-63.725
-77.57
-64.57
-73.783
-18.863
-6.1662
-6.8249
-23.004
0.38786
-88.153
-9.5727
-50.509
-66.912
-40.529
-73.481
-58.258
-59.035
-56.707
-71.336
-51.97
-90.326
-71.379
-66.152
-89.274
-66.295
-56.628
-64.903
-119.15
-54.701
-108.58
-80.874
-76.984
-65.993
-86.963
-18.886
-8.3888
0.34821
-25.135
-92.687
-107.76
-82.661
-73.241
-45.361
-59.952
-59.131
-60.57
-108.76
-86.026
-43.541
-86.136
-82.156
-57.12
-67.279
-89.746
-40.328
-62.572
-84.013
-66.474
-45.997
-73.212
-41.377
-21.408
-26.971
-22.102
-32.233
-20.337
-0.10836
-0.77821
0.75857
-42.242
52.002
55.766
-96.443
-25.844
-45.442
9.4096
-13.612
-41.582
-17.592
-42.381
-17.334
-72.91
-28.015
-102.05
24.327
-24.168
-0.89548
-44.367
-82.248
-79.767
-62.955
-16.619
-70.96
-65.974
9.4906
-40.679
-32.554
-100.46
-62.562
-69.104
-69.308
-51.838
-34.936
-59.788
10.654
-40.816
-24.798
-109.11
-108.56
-63.46
-80.228
-67.907
-72.709
-73.889
4.2479
-26.709
36.199
-11.614
-87.765
-69.286
-68.099
-60.564
-86.226
-80.08
-29.261
-32.055
-121.46
-86.865
-60.147
-72.047
-78.372
-45.523
-45.731
-54.788
-58.237
20.425
-88.289
-67.936
-77.272
-58.684
-44.838
-33.402
-57.181
-61.257
-105.96
-146.68
-86.525
-72.142
-52.362
-83.198
-81.077
-76.119
-50.841
36.656
-87.014
-73.532
-87.755
-56.766
-67.535
-59.857
-55.217
-48.392
-29.248
-22.762
1.8493
12.519
-1.8153
63.746
-71.098
86.291
-19.12
-30.703
18.268
-9.0092
-10.458
-12.265
-27.303
-116.17
-64.608
4.8654
-24.438
-65.409
10.533
-3.0112
-38.027
-38.039
-71.048
-69.967
-51.45
-72.678
-40.608
15.953
0.085651
-18.177
-40.679
-50.863
-27.385
-68.652
3.4784
-41.552
-84.807
-33.699
10.062
-8.6598
-36.821
-43.481
13.409
-47.02
-53.192
-67.716
-104.56
-66.731
5.0861
-5.6515
-31.183
-32.031
-86.101
-76.72
-70.031
-98.328
-21.48
-21.209
-15.975
-44.711
69.165
-45.564
-83.434
-53.015
-72.294
-54.918
-23.154
-60.324
-61.775
-15.25
-15.447
-20.455
-29.161
-60.591
-58.091
-19.315
-73.029
-32.301
-102.09
-33.046
-39.668
-64.511
-87.15
-83.047
-51.602
-66.781
-47.132
-61.483
-122.78
-91.346
-74.112
-54.5
-27.598
-45.02
-21.239
1.4557
-34.821
53.644
-1.1311
28.886
20.882
-15.84
-13.384
45
-28.804
-29.082
-32.579
6.7549
-13.125
-42.936
-24.51
-42.921
-77.574
-41.962
-13.793
-67.566
1.0847
-39.556
-33.445
-33.06
-106.29
-39.358
-21.917
-12.925
-42.034
46.204
0.47788
-45.599
-31.623
-20.803
-34.568
-56.492
-72.259
-75.262
-75.716
-28.288
2.1875
-21.542
-20.418
-23.846
-20.956
-84.039
-83.194
-75.397
-43.671
21.973
-8.1652
-6.25
-46.343
-116.71
-77.236
-71.846
-91.531
-20.844
-44.165
-7.3517
-12.516
35.806
-100.74
-18.591
-37.351
-56.949
-23.822
-68.736
-20.886
-7.9015
-12.244
-108.74
-50.694
-87.006
-67.907
-36.051
-21.977
-43.398
-61.759
-29.682
-94.188
-19.066
-50.506
-77.737
-41.853
-64.715
15.331
-19.679
-51.753
-83.571
-65.797
-78.246
-77.192
-54.802
-43.087
41.019
-5.7847
-27.348
-32.002
-6.419
-8.0342
16.641
-20.056
-9.9699
-12.798
-18.289
-75.182
-49.952
4.3527
0.31946
-39.743
-34.956
-34.415
-16.403
-96.286
-60.291
13.659
-11.136
-17.846
-35.98
-28.164
-23.556
-41.652
-45.389
-49.2
-38.209
-15.77
-41.534
-23.244
-48.165
-88.773
-89.609
-75.317
-70.387
-106.8
-13.264
11.349
-43.905
-85.362
-65.137
-82.935
-37.256
-38.239
-51.473
10.027
-18.101
-10.076
-31.778
-37.744
-16.488
-53.138
-26.726
-26.308
-65.269
-0.40992
0.10107
8.8532
-120.19
-30.29
-75.075
-24.277
-16.809
-20.894
-62.763
-4.8722
-28.224
-61.468
-26.19
-86.126
-24.646
-33.118
-23.293
-39.884
-29.296
-45.418
-76.123
-3.9086
-36.304
-50.934
-26.952
-31.077
-18.316
-62.328
-45.296
-100.15
-74.435
14.472
-65.499
-45.93
-42.867
5.3763
-80.053
-75.39
-20.486
3.0951
-3.4943
-0.25274
-17.487
-31.459
-22.477
-124.53
-49.302
-36.912
6.9976
-11.738
-46.073
-30.43
-30.02
-74.754
-82.572
-66.583
-69.662
16.555
-18.86
-29.941
-32.262
-66.489
-10.062
-27.36
-45.807
-57.877
4.2748
-39.737
-8.841
-9.6303
-14.878
-78.744
-43.559
-37.874
-50.022
3.0278
-4.4157
4.5261
-35.884
-19.414
-75.508
-86.283
-35.714
-22.364
-4.1239e-15
9.2951
-18.895
-32.153
-42.221
-41.185
-69.857
-28.985
-20.05
-25.997
0.11625
8.9411
-32.359
-3.3227
-49.27
-32.092
-26.229
-28.807
-41.62
-38.201
-2.7056
-19.573
-35.586
-28.795
-50.733
-32.075
-19.516
-25.634
-41.57
-22.532
-53.327
-33.594
-28.066
-26.228
-30.477
-49.311
-30.797
-34.646
-38.822
-22.573
-126.98
-60.204
-74.36
-75.92
-72.929
-41.67
-16.026
13.246
22.811
-4.6897
