62.104
70.106
6.6682
2.1637
34.485
-62.851
-69.728
31.496
-9.5382
1.3497
82.282
33.161
58.244
101.88
91.138
58.551
38.94
2.0238
-10.665
-21.377
13.413
97.671
-14.65
42.836
115.05
152.21
4.3788
82.064
67.499
58.547
16.045
14.024
87.21
103.63
54.647
84.678
2.1118
151.72
-24.265
12.15
15.525
86.054
104.75
141.93
119.62
157.35
-5.0397
9.8849
9.3831
31.425
140.11
118.05
109.07
-2.9495
17.522
24.192
64.162
99.452
98.54
92.806
52.85
-6.9026
39.103
93.584
116.13
95.148
100.02
-17.172
-8.2009
196.56
86.223
120.34
90.717
-10.425
36.912
56.05
132.37
130.86
99.55
