51.125
51.125
51.125
51.125
51.125
51.125
51.125
51.125
51.125
51.125
0.304
0.304
0.304
0.304
0.304
0.304
0.304
0.304
0.304
0.304
11.931
11.931
11.931
11.931
11.931
11.931
11.931
11.931
11.931
11.931
-6.8487
-6.8487
-6.8487
-6.8487
-6.8487
-6.8487
-6.8487
-6.8487
-6.8487
-6.8487
35.815
35.815
35.815
35.815
35.815
35.815
35.815
35.815
35.815
35.815
9.24
9.24
9.24
9.24
9.24
9.24
9.24
9.24
9.24
9.24
40.186
40.186
40.186
40.186
40.186
40.186
40.186
40.186
40.186
40.186
2.3215
2.3215
2.3215
2.3215
2.3215
2.3215
2.3215
2.3215
2.3215
2.3215
13.591
13.591
13.591
13.591
13.591
13.591
13.591
13.591
13.591
13.591
3.545
3.545
3.545
3.545
3.545
3.545
3.545
3.545
3.545
3.545
28.769
28.769
28.769
28.769
28.769
28.769
28.769
28.769
28.769
28.769
38.776
38.776
38.776
38.776
38.776
38.776
38.776
38.776
38.776
38.776
65.455
65.455
65.455
65.455
65.455
65.455
65.455
65.455
65.455
65.455
123.83
123.83
123.83
123.83
123.83
123.83
123.83
123.83
123.83
123.83
41.191
41.191
41.191
41.191
41.191
41.191
41.191
41.191
41.191
41.191
32.861
32.861
32.861
32.861
32.861
32.861
32.861
32.861
32.861
32.861
11.403
11.403
11.403
11.403
11.403
11.403
11.403
11.403
11.403
11.403
15.395
15.395
15.395
15.395
15.395
15.395
15.395
15.395
15.395
15.395
49.235
49.235
49.235
49.235
49.235
49.235
49.235
49.235
49.235
49.235
-28.585
-28.585
-28.585
-28.585
-28.585
-28.585
-28.585
-28.585
-28.585
-28.585
28.893
28.893
28.893
28.893
28.893
28.893
28.893
28.893
28.893
28.893
-2.079
-2.079
-2.079
-2.079
-2.079
-2.079
-2.079
-2.079
-2.079
-2.079
70.581
70.581
70.581
70.581
70.581
70.581
70.581
70.581
70.581
70.581
62.72
62.72
62.72
62.72
62.72
62.72
62.72
62.72
62.72
62.72
23.919
23.919
23.919
23.919
23.919
23.919
23.919
23.919
23.919
23.919
21.24
21.24
21.24
21.24
21.24
21.24
21.24
21.24
21.24
21.24
46.059
46.059
46.059
46.059
46.059
46.059
46.059
46.059
46.059
46.059
40.576
40.576
40.576
40.576
40.576
40.576
40.576
40.576
40.576
40.576
-2.0405
-2.0405
-2.0405
-2.0405
-2.0405
-2.0405
-2.0405
-2.0405
-2.0405
-2.0405
15.543
15.543
15.543
15.543
15.543
15.543
15.543
15.543
15.543
15.543
4.2402
4.2402
4.2402
4.2402
4.2402
4.2402
4.2402
4.2402
4.2402
4.2402
41.06
41.06
41.06
41.06
41.06
41.06
41.06
41.06
41.06
41.06
17.628
17.628
17.628
17.628
17.628
17.628
17.628
17.628
17.628
17.628
36.314
36.314
36.314
36.314
36.314
36.314
36.314
36.314
36.314
36.314
26.545
26.545
26.545
26.545
26.545
26.545
26.545
26.545
26.545
26.545
34.755
34.755
34.755
34.755
34.755
34.755
34.755
34.755
34.755
34.755
41.903
41.903
41.903
41.903
41.903
41.903
41.903
41.903
41.903
41.903
75.165
75.165
75.165
75.165
75.165
75.165
75.165
75.165
75.165
75.165
1.2553
1.2553
1.2553
1.2553
1.2553
1.2553
1.2553
1.2553
1.2553
1.2553
-32.576
-32.576
-32.576
-32.576
-32.576
-32.576
-32.576
-32.576
-32.576
-32.576
-16.899
-16.899
-16.899
-16.899
-16.899
-16.899
-16.899
-16.899
-16.899
-16.899
13.566
13.566
13.566
13.566
13.566
13.566
13.566
13.566
13.566
13.566
104.52
104.52
104.52
104.52
104.52
104.52
104.52
104.52
104.52
104.52
17.323
17.323
17.323
17.323
17.323
17.323
17.323
17.323
17.323
17.323
3.7743
3.7743
3.7743
3.7743
3.7743
3.7743
3.7743
3.7743
3.7743
3.7743
36.722
36.722
36.722
36.722
36.722
36.722
36.722
36.722
36.722
36.722
79.763
79.763
79.763
79.763
79.763
79.763
79.763
79.763
79.763
79.763
67.236
67.236
67.236
67.236
67.236
67.236
67.236
67.236
67.236
67.236
99.569
99.569
99.569
99.569
99.569
99.569
99.569
99.569
99.569
99.569
58.619
58.619
58.619
58.619
58.619
58.619
58.619
58.619
58.619
58.619
-14.721
-14.721
-14.721
-14.721
-14.721
-14.721
-14.721
-14.721
-14.721
-14.721
26.366
26.366
26.366
26.366
26.366
26.366
26.366
26.366
26.366
26.366
-15.758
-15.758
-15.758
-15.758
-15.758
-15.758
-15.758
-15.758
-15.758
-15.758
-33.274
-33.274
-33.274
-33.274
-33.274
-33.274
-33.274
-33.274
-33.274
-33.274
28.188
28.188
28.188
28.188
28.188
28.188
28.188
28.188
28.188
28.188
68.911
68.911
68.911
68.911
68.911
68.911
68.911
68.911
68.911
68.911
90.237
90.237
90.237
90.237
90.237
90.237
90.237
90.237
90.237
90.237
36.432
36.432
36.432
36.432
36.432
36.432
36.432
36.432
36.432
36.432
72.052
72.052
72.052
72.052
72.052
72.052
72.052
72.052
72.052
72.052
82.305
82.305
82.305
82.305
82.305
82.305
82.305
82.305
82.305
82.305
3.3448
3.3448
3.3448
3.3448
3.3448
3.3448
3.3448
3.3448
3.3448
3.3448
5.8319
5.8319
5.8319
5.8319
5.8319
5.8319
5.8319
5.8319
5.8319
5.8319
-0.85002
-0.85002
-0.85002
-0.85002
-0.85002
-0.85002
-0.85002
-0.85002
-0.85002
-0.85002
9.4479
9.4479
9.4479
9.4479
9.4479
9.4479
9.4479
9.4479
9.4479
9.4479
37.278
37.278
37.278
37.278
37.278
37.278
37.278
37.278
37.278
37.278
25.357
25.357
25.357
25.357
25.357
25.357
25.357
25.357
25.357
25.357
70.413
70.413
70.413
70.413
70.413
70.413
70.413
70.413
70.413
70.413
57.629
57.629
57.629
57.629
57.629
57.629
57.629
57.629
57.629
57.629
106.71
106.71
106.71
106.71
106.71
106.71
106.71
106.71
106.71
106.71
35.223
35.223
35.223
35.223
35.223
35.223
35.223
35.223
35.223
35.223
11.046
11.046
11.046
11.046
11.046
11.046
11.046
11.046
11.046
11.046
-8.4652
-8.4652
-8.4652
-8.4652
-8.4652
-8.4652
-8.4652
-8.4652
-8.4652
-8.4652
19.615
19.615
19.615
19.615
19.615
19.615
19.615
19.615
19.615
19.615
6.6456
6.6456
6.6456
6.6456
6.6456
6.6456
6.6456
6.6456
6.6456
6.6456
78.354
78.354
78.354
78.354
78.354
78.354
78.354
78.354
78.354
78.354
-10.262
-10.262
-10.262
-10.262
-10.262
-10.262
-10.262
-10.262
-10.262
-10.262
34.219
34.219
34.219
34.219
34.219
34.219
34.219
34.219
34.219
34.219
30.106
30.106
30.106
30.106
30.106
30.106
30.106
30.106
30.106
30.106
68.273
68.273
68.273
68.273
68.273
68.273
68.273
68.273
68.273
68.273
20.801
20.801
20.801
20.801
20.801
20.801
20.801
20.801
20.801
20.801
-13.154
-13.154
-13.154
-13.154
-13.154
-13.154
-13.154
-13.154
-13.154
-13.154
7.9485
7.9485
7.9485
7.9485
7.9485
7.9485
7.9485
7.9485
7.9485
7.9485
2.1032
2.1032
2.1032
2.1032
2.1032
2.1032
2.1032
2.1032
2.1032
2.1032
98.902
98.902
98.902
98.902
98.902
98.902
98.902
98.902
98.902
98.902
32.537
32.537
32.537
32.537
32.537
32.537
32.537
32.537
32.537
32.537
6.9291
6.9291
6.9291
6.9291
6.9291
6.9291
6.9291
6.9291
6.9291
6.9291
71.533
71.533
71.533
71.533
71.533
71.533
71.533
71.533
71.533
71.533
54.942
54.942
54.942
54.942
54.942
54.942
54.942
54.942
54.942
54.942
31.057
31.057
31.057
31.057
31.057
31.057
31.057
31.057
31.057
31.057
26.043
26.043
26.043
26.043
26.043
26.043
26.043
26.043
26.043
26.043
14.998
14.998
14.998
14.998
14.998
14.998
14.998
14.998
14.998
14.998
18.707
18.707
18.707
18.707
18.707
18.707
18.707
18.707
18.707
18.707
6.4687
6.4687
6.4687
6.4687
6.4687
6.4687
6.4687
6.4687
6.4687
6.4687
55.818
55.818
55.818
55.818
55.818
55.818
55.818
55.818
55.818
55.818
17.033
17.033
17.033
17.033
17.033
17.033
17.033
17.033
17.033
17.033
18.912
18.912
18.912
18.912
18.912
18.912
18.912
18.912
18.912
18.912
26.589
26.589
26.589
26.589
26.589
26.589
26.589
26.589
26.589
26.589
16.8
16.8
16.8
16.8
16.8
16.8
16.8
16.8
16.8
16.8
82.664
82.664
82.664
82.664
82.664
82.664
82.664
82.664
82.664
82.664
26.919
26.919
26.919
26.919
26.919
26.919
26.919
26.919
26.919
26.919
