-24.124
14.586
-39.245
50.086
-45.92
12.877
0.066167
0.044833
27.069
-0.69233
11.763
25.838
73.733
-16.959
-10.154
10.381
72.821
-5.8183
28.182
-25.61
30.729
19.424
-31.217
70.092
80.317
0.21517
17.746
0.18067
-49.785
28.57
-10.698
-24.316
-8.6036
-2.6112
-9.6188
32.154
42.763
-14.942
18.838
89.467
22.796
-8.3918
14.903
-5.4016
-7.7537
41.737
66.8
7.6729
91.083
-38.49
9.1889
-25.244
36.375
59.985
-1.1153
-4.7242
20.338
-15.821
9.9965
-2.4432
-97.05
66.02
33.477
-11.784
20.728
-26.88
-57.891
14.342
-1.0686
-2.1702
-9.9515
3.1926
21.989
-35.705
-7.9475
-32.467
-4.8213
-0.040667
-34.131
8.5687
17.324
-16.958
1.2128
76.149
-5.83
-7.3993
-0.785
38.323
-18.571
-4.0885
-0.55467
26.478
23.21
-15.97
-23.591
3.1655
-78.553
36.94
13.401
-7.589
34.139
59.575
63.658
33.205
29.256
84.772
38.593
36.394
20.165
40.188
83.799
60.705
26.841
84.966
83.684
30.154
36.279
42.35
55.825
78.096
76.184
55.564
-1.215
11.327
83.846
112.26
28.73
22.832
69.321
71.992
97.873
96.978
34.304
83.143
89.412
42.303
43.735
89.234
51.298
58.798
83.122
42.786
59.506
48.267
98.379
108.91
26.077
104.62
87.599
42.599
88.541
41.796
77.085
54.998
134.01
93.8
44.42
29.261
40.84
31.269
76.84
100.6
60.939
-11.245
38.794
132.9
65.199
23.871
-5.1573
83.723
87.152
44.632
144.3
63.737
26.001
33.797
74.175
46.759
34.631
57.153
5.0614
-3.742
104.97
55.673
1.3335
-19.869
-11.069
-42.686
24.541
87.899
2.8504
1.9017
-4.3962
12.47
-0.484
-6.8755
47.871
-0.4765
33.619
-21.238
20.863
-18.708
37.424
4.5155
40.528
98.182
86.829
13.514
26.863
97.244
91.355
-45.637
35.859
15.017
80.485
80.821
116.76
37.704
55.01
100.24
83.373
39.986
109.11
41.004
72.632
65.195
68.832
75.476
88.083
57.131
83.559
32.439
68.092
78.761
134.81
76.663
105.64
116.63
119.89
94.192
-0.43883
71.399
48.753
117.32
130.41
50.213
127.41
103.63
118.19
22.292
61.022
85.903
29.118
94.259
78.503
123.64
109.99
81.427
56.656
72.904
80.456
97.3
85.191
108.9
102.93
46.619
102.19
48.181
85.823
69.31
77.722
78.49
43.123
129.27
82.539
33.693
80.391
23.098
46.72
57.926
97.709
64.129
108.29
45.615
-12.718
48.835
81.423
68.521
25.589
128
55.163
74.628
1.2548
-49.563
7.2375
7.296
-66.699
-2.144
19.648
29.214
-4.014
457.71
11.82
39.865
62.622
0.74526
91.41
9.8212
21.939
50.479
3.2417
107.61
31.819
6.0503
128.17
36.204
32.851
67.309
78.565
-37.444
91.153
95.662
96.307
112.02
121.42
128.92
91.337
5.209
10.43
68.169
47.11
105.38
79.967
88.59
12.782
56.336
119.69
110.49
118.25
83.33
21.903
103.75
79.211
157.41
101.16
126.87
158.84
128.73
100.41
93.039
62.042
109.26
99.9
141.48
155.74
60.94
128.05
132.51
129.84
39.525
121.33
31.166
97.701
53.512
93.765
91.216
162.19
132.97
149.21
102.54
109.73
118.92
119.94
116.89
83.544
123.39
117.33
82.391
104.82
136.1
45.986
143.24
95.802
41.429
66.585
144.28
22.886
7.0549
-5.7737
31.599
-20.789
8.343
83.6
13.961
10.337
-2.1453
2.9828
-21.241
-18.643
13.378
-8.1715
1.4541
8.6018
4.1993
29.969
57.662
-0.32339
6.8209
0.72603
20.859
9.9664
28.163
-11.624
52.276
19.564
48.689
143.61
24.03
51.531
110.71
141.65
125.35
95.757
9.8703
108.71
51.402
114.65
137.28
85.316
134.64
102.68
119.49
142.79
170.95
106.48
125.69
120.09
48.152
114.52
67
150.54
142.5
135.17
156.23
116.62
67.297
86.023
77.985
125.01
105.23
135.04
112.71
110.77
84.92
78.022
155.98
96.302
166.18
116.14
88.658
114.38
131.64
161.32
150.67
92.578
133.8
62.208
46.183
-21.304
96.878
100.41
104.21
157.07
88.286
57.031
-4.2388
-20.442
48.156
27.472
21.472
7.5947
51.291
23.071
25.142
64.834
70.658
28.981
38.444
0.58637
96.551
92.745
131.39
-9.5957
60.676
12.008
45.373
49.365
123.02
86.673
-25.763
13.506
70.895
-48.214
112.39
57.444
94.498
53.021
70.201
119.3
42.742
147.56
124.95
112.25
90.575
134.82
52.723
66.489
94.746
96.588
125.31
112.91
105.68
82.657
49.696
119.22
87.954
70.294
98.181
138.87
153.99
97.975
114.55
54.202
120.15
147.18
130.5
75.454
71.027
114.15
136.66
133.82
158.54
-21.577
93.044
61.6
127.84
75.261
93.734
94.803
157.16
99.151
95.027
107.86
26.93
71.772
8.5119
135.71
79.179
28.493
-21.728
48.309
91.216
6.2716
42.485
67.865
86.361
15.721
204.62
145.63
50.885
44.18
22.72
20.428
77.591
45.631
12.704
-0.8425
11.123
7.9226
70.21
97.411
180.8
80.907
109.11
75.816
74.358
105.64
129.19
92.987
129.73
102.28
130.66
79.947
94.832
102.39
104.94
49.749
164.38
110.44
81.879
118.44
99.797
114.49
141.51
117.68
115.83
151.53
116.66
145.81
114.74
113.66
96.698
122.18
147.62
133.04
108.56
143.98
149.67
131.98
132.3
156.6
104.02
86.579
29.254
81.613
-34.284
72.862
12.777
68.378
122.41
45.397
4.7993
-30.173
-1.981
86.722
56.537
116.78
41.586
78.599
127.42
18.398
17.813
109.44
43.856
3.6493
-17.415
35.708
-31.218
-0.020357
31.356
55.823
9.9421
59.937
122.73
-26.298
122.2
34.83
95.819
107
147.06
1.7972
159.64
83.986
44.418
103.23
119.92
144.61
134.59
154.67
135.11
134.12
120.29
79.987
114.22
134.72
129.38
139.6
117.43
121.15
155.13
39.44
112.79
50.072
121.47
132.88
112.11
156.04
68.589
132.99
126.22
37.201
-6.7048
-12.352
138.01
44.4
67.74
78.142
75.615
52.135
81.87
61.694
59.564
40.06
53.667
10.509
-7.1398
97.714
69.034
3.29
78.248
-39.039
26.446
53.236
80.132
17.38
179.34
13.525
32.079
-5.3432
24.47
28.638
35.372
135.74
156.95
78.892
99.954
96.756
75.311
90.714
145.58
127.61
142.66
12.106
113.17
98.139
152.05
131.7
127.39
136.6
155.22
135.29
137.53
144.58
118.18
36.504
148.63
164
128.09
58.252
116.88
69.362
130.4
114.39
86.648
91.863
122.76
147.48
59.818
69.663
109.32
113.7
0.86167
13.681
110.58
64.943
45.008
194.35
52.584
42.327
5.7073
1.2631
114.2
24.881
23.792
32.713
104.14
20.745
31.141
36.195
132.87
42.037
56.629
9.1201
33.398
60.977
100.11
72.421
30.214
1.412
105.47
72.574
128.84
84.535
95.035
80.644
83.905
150.6
115.76
97.468
144.44
117.96
128.08
142.11
130.76
115.81
147.59
116.62
117.17
40.859
131.57
108.24
115.19
141.74
130.05
106.95
117.78
-2.6395
61.021
47.982
120.68
95.478
84.001
99.238
33.672
